desc: I1 cache:         32768 B, 64 B, 8-way associative
desc: D1 cache:         32768 B, 64 B, 8-way associative
desc: LL cache:         20971520 B, 64 B, 20-way associative
cmd: ./countPassFilter 3
events: Ir I1mr ILmr Dr D1mr DLmr Dw D1mw DLmw 
fl=/build/buildd/eglibc-2.15/csu/../sysdeps/generic/dl-hash.h
fn=_init
44 1 0 0 0 0 0 0 0 0
45 1 0 0 0 0 0 0 0 0
46 13 0 0 4 1 0 0 0 0
49 16 0 0 0 0 0 0 0 0
50 8 0 0 0 0 0 0 0 0
63 8 0 0 0 0 0 0 0 0
68 1 0 0 0 0 0 0 0 0
fl=/build/buildd/eglibc-2.15/csu/../sysdeps/unix/sysv/linux/x86_64/../init-first.c
fn=_init
53 7 1 1 0 0 0 3 0 0
59 4 0 0 1 1 0 1 1 0
68 5 1 1 4 2 0 0 0 0
74 1 0 0 0 0 0 1 1 0
75 1 0 0 0 0 0 1 0 0
76 2 1 1 1 1 0 1 1 1
90 4 0 0 0 0 0 1 0 0
98 1 0 0 0 0 0 1 0 0
103 5 0 0 4 0 0 0 0 0
fl=/build/buildd/eglibc-2.15/csu/../sysdeps/unix/sysv/linux/x86_64/init-first.c
fn=_init
38 7 2 2 0 0 0 4 0 0
40 3 0 0 0 0 0 1 0 0
42 2 0 0 1 1 0 0 0 0
43 2 1 1 1 0 0 0 0 0
44 1 0 0 0 0 0 1 1 0
46 3 0 0 0 0 0 1 0 0
50 3 0 0 0 0 0 0 0 0
51 2 0 0 1 0 0 0 0 0
52 1 0 0 0 0 0 1 1 1
fl=/build/buildd/eglibc-2.15/csu/../sysdeps/x86_64/multiarch/init-arch.c
fn=__get_cpu_features
180 36 1 1 12 0 0 0 0 0
184 24 0 0 12 0 0 0 0 0
fn=__init_cpu_features
32 14 0 0 0 0 0 8 0 0
38 6 0 0 0 0 0 0 0 0
39 6 0 0 0 0 0 0 0 0
45 2 0 0 0 0 0 2 0 0
53 6 2 2 0 0 0 2 0 0
56 12 0 0 0 0 0 0 0 0
58 2 0 0 0 0 0 0 0 0
65 8 4 4 2 1 1 2 0 0
69 6 0 0 0 0 0 0 0 0
70 4 0 0 0 0 0 0 0 0
75 4 0 0 0 0 0 0 0 0
77 2 0 0 0 0 0 0 0 0
78 2 2 2 0 0 0 0 0 0
79 16 2 2 0 0 0 0 0 0
112 6 0 0 0 0 0 2 0 0
116 2 0 0 0 0 0 0 0 0
148 4 2 2 0 0 0 0 0 0
169 2 0 0 0 0 0 2 0 0
170 2 0 0 0 0 0 2 0 0
172 2 0 0 0 0 0 2 0 0
173 4 0 0 4 0 0 0 0 0
fl=/build/buildd/eglibc-2.15/csu/libc-start.c
fn=(below main)
96 10 1 1 0 0 0 8 0 0
106 7 1 1 2 0 0 1 0 0
158 2 1 1 0 0 0 0 0 0
159 4 0 0 0 0 0 1 0 0
181 4 0 0 2 0 0 0 0 0
184 2 0 0 0 0 0 0 0 0
185 5 0 0 4 0 0 1 0 0
189 4 1 1 2 0 0 0 0 0
204 2 0 0 0 0 0 0 0 0
213 2 0 0 0 0 0 1 0 0
214 2 0 0 0 0 0 0 0 0
219 2 0 0 1 1 0 1 0 0
220 2 0 0 1 1 0 1 0 0
223 2 0 0 0 0 0 1 0 0
226 5 0 0 5 0 0 1 0 0
fl=/build/buildd/eglibc-2.15/ctype/ctype-info.c
fn=__ctype_init
33 7 2 2 5 2 0 1 0 0
35 4 0 0 2 1 0 1 0 0
37 4 0 0 2 1 0 1 0 0
38 1 1 1 1 0 0 0 0 0
fl=/build/buildd/eglibc-2.15/debug/strncpy_chk.c
fn=__strncpy_chk
24 938857214 0 0 0 0 0 0 0 0
29 15021716 1 1 0 0 0 0 0 0
33 15021716 0 0 0 0 0 0 0 0
36 7510858 0 0 0 0 0 0 0 0
38 15021716 0 0 0 0 0 0 0 0
40 15021716 0 0 0 0 0 0 0 0
44 187771443 0 0 187771443 13144537 12441509 0 0 0
45 187771443 0 0 0 0 0 187771443 0 0
46 375542886 0 0 0 0 0 0 0 0
48 187771443 0 0 187771443 0 0 0 0 0
49 187771443 1 1 0 0 0 187771443 0 0
50 375542886 0 0 0 0 0 0 0 0
52 187771443 0 0 187771443 0 0 0 0 0
53 187771443 0 0 0 0 0 187771443 0 0
54 375542886 0 0 0 0 0 0 0 0
56 187771443 0 0 187771443 0 0 0 0 0
57 187771443 0 0 0 0 0 187771443 0 0
58 375542886 0 0 0 0 0 0 0 0
60 375542884 0 0 0 0 0 0 0 0
71 15021714 1 1 0 0 0 0 0 0
89 15021714 1 1 7510857 0 0 0 0 0
fl=/build/buildd/eglibc-2.15/elf/../elf/dl-runtime.c
fn=_dl_fixup
74 132 1 1 0 0 0 88 1 0
76 22 0 0 22 0 0 0 0 0
77 44 0 0 44 6 2 0 0 0
80 110 0 0 44 12 2 0 0 0
81 154 1 1 44 16 3 22 0 0
82 44 0 0 44 6 4 0 0 0
87 44 0 0 0 0 0 0 0 0
91 66 0 0 22 21 17 0 0 0
93 22 0 0 0 0 0 0 0 0
95 66 0 0 22 6 1 0 0 0
99 44 0 0 44 21 2 0 0 0
100 88 1 1 22 3 1 0 0 0
102 66 0 0 22 9 1 0 0 0
108 22 0 0 0 0 0 0 0 0
109 66 0 0 22 3 1 0 0 0
116 44 1 1 22 5 1 22 0 0
119 220 0 0 44 6 1 66 1 1
123 66 1 1 22 0 0 0 0 0
127 88 0 0 22 0 0 22 0 0
133 154 0 0 44 0 0 0 0 0
141 22 0 0 22 0 0 0 0 0
149 88 0 0 22 0 0 0 0 0
153 66 1 1 22 2 1 0 0 0
157 132 0 0 110 0 0 0 0 0
fl=/build/buildd/eglibc-2.15/elf/../elf/dl-sysdep.c
fn=_dl_important_hwcaps
352 3 0 0 1 0 0 0 0 0
354 12 2 2 0 0 0 10 1 1
356 1 0 0 1 0 0 0 0 0
357 3 0 0 0 0 0 0 0 0
366 2 0 0 1 0 0 0 0 0
374 1 0 0 0 0 0 0 0 0
375 1 0 0 0 0 0 0 0 0
376 4 1 1 1 0 0 1 0 0
418 2 1 1 0 0 0 1 0 0
420 9 2 2 2 0 0 3 1 1
435 6 1 1 0 0 0 0 0 0
436 2 0 0 0 0 0 0 0 0
438 2 0 0 0 0 0 0 0 0
448 2 1 1 0 0 0 0 0 0
465 2 1 1 0 0 0 0 0 0
473 2 1 1 1 0 0 0 0 0
475 3 0 0 1 0 0 1 0 0
476 5 0 0 1 0 0 1 0 0
480 3 1 1 0 0 0 1 0 0
481 1 0 0 0 0 0 1 0 0
484 2 0 0 1 0 0 0 0 0
487 2 0 0 1 0 0 0 0 0
488 4 0 0 1 0 0 1 0 0
491 6 0 0 2 0 0 0 0 0
492 2 1 1 1 0 0 0 0 0
510 10 0 0 2 0 0 4 1 1
511 5 0 0 0 0 0 1 1 1
512 2 0 0 0 0 0 0 0 0
519 2 1 1 1 0 0 0 0 0
541 3 0 0 0 0 0 2 0 0
544 2 0 0 1 0 0 0 0 0
546 5 1 1 2 0 0 2 0 0
547 8 0 0 3 0 0 4 0 0
567 1 0 0 0 0 0 0 0 0
572 23 1 1 1 0 0 0 0 0
573 4 1 1 0 0 0 4 0 0
577 10 0 0 1 0 0 0 0 0
580 28 1 1 0 0 0 0 0 0
581 24 0 0 0 0 0 0 0 0
582 14 0 0 9 0 0 0 0 0
584 4 1 1 0 0 0 0 0 0
587 3 0 0 1 0 0 0 0 0
588 1 0 0 0 0 0 0 0 0
589 7 1 1 2 0 0 0 0 0
602 10 1 1 2 0 0 2 0 0
603 2 0 0 0 0 0 0 0 0
605 4 0 0 0 0 0 0 0 0
608 3 0 0 2 0 0 1 0 0
610 1 0 0 0 0 0 0 0 0
611 9 0 0 7 0 0 0 0 0
fn=_dl_sysdep_start
86 36 0 0 0 0 0 0 0 0
89 8 1 1 0 0 0 7 1 1
90 1 0 0 0 0 0 1 0 0
91 1 0 0 0 0 0 0 0 0
113 1 0 0 0 0 0 1 0 0
114 93 2 2 29 4 4 4 1 1
117 2 0 0 0 0 0 1 0 0
118 1 0 0 0 0 0 1 0 0
120 95 4 4 26 5 5 9 0 0
121 103 0 0 16 2 2 0 0 0
124 3 0 0 1 0 0 1 0 0
127 1 0 0 1 0 0 0 0 0
128 1 0 0 0 0 0 0 0 0
130 1 1 1 1 0 0 0 0 0
131 1 0 0 0 0 0 0 0 0
133 1 0 0 1 0 0 0 0 0
134 1 0 0 0 0 0 0 0 0
154 1 1 1 1 0 0 0 0 0
155 1 0 0 0 0 0 0 0 0
157 1 0 0 1 0 0 0 0 0
158 1 0 0 0 0 0 0 0 0
160 1 1 1 1 0 0 0 0 0
161 1 0 0 0 0 0 0 0 0
163 1 0 0 1 0 0 0 0 0
164 1 0 0 0 0 0 0 0 0
179 1 0 0 1 0 0 0 0 0
180 1 0 0 0 0 0 0 0 0
227 3 0 0 0 0 0 2 0 0
229 5 0 0 0 0 0 1 0 0
241 3 1 1 1 0 0 0 0 0
244 5 0 0 3 0 0 1 0 0
246 9 1 0 8 2 0 0 0 0
fn=_dl_sysdep_start_cleanup
252 1 1 1 1 0 0 0 0 0
fl=/build/buildd/eglibc-2.15/elf/../misc/sbrk.c
fn=sbrk
35 4 1 1 0 0 0 2 0 0
43 6 0 0 2 1 1 0 0 0
47 2 0 0 0 0 0 0 0 0
58 5 1 1 3 0 0 0 0 0
fl=/build/buildd/eglibc-2.15/elf/../sysdeps/unix/sysv/linux/dl-osinfo.h
fn=security_init
74 2 0 0 0 0 0 0 0 0
97 1 0 0 1 1 0 0 0 0
99 2 0 0 0 0 0 1 0 0
114 2 0 0 0 0 0 0 0 0
125 1 0 0 1 0 0 0 0 0
fl=/build/buildd/eglibc-2.15/elf/../sysdeps/unix/sysv/linux/dl-sysdep.c
fn=_dl_discover_osversion
67 7 1 1 0 0 0 6 0 0
69 4 1 1 1 0 0 1 1 1
109 4 1 1 0 0 0 1 0 0
124 1 0 0 0 0 0 0 0 0
128 1 0 0 0 0 0 0 0 0
129 1 0 0 0 0 0 0 0 0
131 12 0 0 3 1 1 0 0 0
133 9 0 0 0 0 0 0 0 0
135 12 0 0 3 0 0 0 0 0
141 3 0 0 0 0 0 0 0 0
142 3 1 1 0 0 0 0 0 0
143 3 0 0 0 0 0 0 0 0
145 13 0 0 0 0 0 0 0 0
150 2 0 0 0 0 0 0 0 0
154 9 1 1 7 0 0 0 0 0
fn=_dl_sysdep_start
36 2 0 0 0 0 0 1 1 1
fl=/build/buildd/eglibc-2.15/elf/../sysdeps/unix/sysv/linux/dl-vdso.c
fn=_dl_vdso_vsym
27 12 1 1 0 0 0 4 0 0
28 8 0 0 8 2 0 0 0 0
29 4 0 0 0 0 0 0 0 0
32 8 0 0 0 0 0 0 0 0
50 16 1 1 8 0 0 0 0 0
fl=/build/buildd/eglibc-2.15/elf/../sysdeps/unix/sysv/linux/x86_64/brk.c
fn=brk
29 1 1 1 0 0 0 0 0 0
32 6 1 1 0 0 0 1 1 1
34 2 0 0 0 0 0 0 0 0
40 1 0 0 0 0 0 0 0 0
41 1 0 0 1 0 0 0 0 0
fl=/build/buildd/eglibc-2.15/elf/../sysdeps/x86_64/dl-irel.h
fn=_dl_fixup
33 6 1 1 0 0 0 3 0 0
fl=/build/buildd/eglibc-2.15/elf/../sysdeps/x86_64/dl-machine.h
fn=_dl_fixup
234 22 0 0 0 0 0 22 0 0
fn=_dl_relocate_object
96 33 1 1 6 0 0 0 0 0
102 12 0 0 12 4 0 0 0 0
106 18 0 0 6 6 6 0 0 0
111 6 0 0 0 0 0 6 0 0
119 18 0 0 6 0 0 0 0 0
132 12 0 0 0 0 0 6 0 0
135 39 1 1 7 6 2 0 0 0
268 4428 1 1 0 0 0 0 0 0
286 4428 0 0 0 0 0 0 0 0
293 85160 12 12 14428 1186 883 9444 4 0
295 11046 0 0 4404 1 0 0 0 0
298 8808 0 0 2202 0 0 0 0 0
304 13284 2 2 2214 7 3 0 0 0
322 6 1 1 0 0 0 0 0 0
323 6 0 0 3 2 0 3 1 1
330 3 0 0 1 0 0 0 0 0
331 3 0 0 2 1 1 1 0 0
372 33 1 1 11 0 0 0 0 0
376 33 0 0 11 1 0 0 0 0
381 22 0 0 22 2 2 0 0 0
382 22 0 0 0 0 0 11 4 3
389 4395 1 1 2196 273 272 2196 650 293
396 24 0 0 0 0 0 18 0 0
425 9 1 1 3 0 0 0 0 0
429 15 1 1 9 0 0 3 0 0
431 12 0 0 9 0 0 0 0 0
432 3 0 0 0 0 0 0 0 0
460 3526 0 0 1763 224 221 0 0 0
461 5289 1 1 1763 221 221 1763 414 409
470 1516 0 0 758 0 0 0 0 0
474 1482 0 0 0 0 0 0 0 0
476 2223 0 0 741 1 0 0 0 0
477 741 0 0 741 94 94 0 0 0
494 34 0 0 34 1 0 0 0 0
496 17 0 0 0 0 0 17 0 0
497 17 0 0 0 0 0 17 1 1
fn=_dl_start
76 2 0 0 1 1 1 0 0 0
286 24 0 0 0 0 0 0 0 0
295 40 0 0 16 1 1 0 0 0
298 32 0 0 8 5 5 0 0 0
304 49 0 0 8 1 1 0 0 0
382 16 1 1 8 1 1 8 1 1
460 28 1 1 14 2 2 0 0 0
461 42 0 0 14 2 2 14 4 4
fn=_dl_sysdep_start
224 5 0 0 2 1 1 0 0 0
fl=/build/buildd/eglibc-2.15/elf/../sysdeps/x86_64/dl-trampoline.S
fn=_dl_runtime_resolve
31 22 1 1 0 0 0 0 0 0
33 22 0 0 0 0 0 22 0 0
34 22 0 0 0 0 0 22 0 0
35 22 0 0 0 0 0 22 0 0
36 22 0 0 0 0 0 22 0 0
37 22 0 0 0 0 0 22 0 0
38 22 0 0 0 0 0 22 0 0
39 22 0 0 0 0 0 22 0 0
40 22 0 0 22 0 0 0 0 0
41 22 0 0 22 0 0 0 0 0
42 22 0 0 0 0 0 22 1 1
43 22 0 0 0 0 0 0 0 0
44 22 0 0 22 0 0 0 0 0
45 22 1 1 22 0 0 0 0 0
46 22 0 0 22 0 0 0 0 0
47 22 0 0 22 0 0 0 0 0
48 22 0 0 22 0 0 0 0 0
49 22 0 0 22 0 0 0 0 0
50 22 0 0 22 0 0 0 0 0
51 22 0 0 0 0 0 0 0 0
53 22 0 0 0 0 0 0 0 0
fl=/build/buildd/eglibc-2.15/elf/dl-addr.c
fn=_dl_addr
31 2 1 1 1 0 0 1 0 0
32 1 0 0 0 0 0 1 0 0
35 2 0 0 1 0 0 0 0 0
39 1 0 0 1 0 0 0 0 0
40 1 1 1 1 0 0 0 0 0
41 3 0 0 2 0 0 1 0 0
43 3 0 0 2 0 0 1 0 0
46 2 0 0 1 1 0 0 0 0
51 2029 1 1 2 0 0 0 0 0
53 1011 0 0 1011 64 21 0 0 0
54 2022 0 0 0 0 0 0 0 0
56 4890 0 0 903 0 0 0 0 0
62 10905 1 1 2181 472 436 0 0 0
64 8724 0 0 2181 0 0 0 0 0
65 15883 0 0 4992 343 302 0 0 0
70 2181 0 0 0 0 0 0 0 0
72 9735 1 1 2181 134 78 0 0 0
100 2 1 1 1 1 0 0 0 0
101 2 0 0 1 0 0 1 1 0
102 2 0 0 1 0 0 0 0 0
105 2 0 0 0 0 0 0 0 0
117 1 1 1 0 0 0 1 1 0
118 1 0 0 0 0 0 1 0 0
127 11 1 1 0 0 0 8 0 0
129 1 0 0 0 0 0 0 0 0
132 3 1 1 2 1 0 1 0 0
135 5 0 0 1 0 0 0 0 0
136 13 1 1 4 0 0 0 0 0
137 20 1 1 8 2 0 0 0 0
138 2 0 0 1 0 0 0 0 0
141 2 0 0 0 0 0 0 0 0
146 2 0 0 1 1 0 1 1 0
149 9 0 0 7 0 0 0 0 0
fl=/build/buildd/eglibc-2.15/elf/dl-altinit.c
fn=dlinit_alt
33 3 1 1 2 0 0 0 0 0
34 1 0 0 1 0 0 0 0 0
fl=/build/buildd/eglibc-2.15/elf/dl-cache.c
fn=_dl_cache_libcmp
141 370 1 1 0 0 0 0 0 0
143 543 0 0 0 0 0 0 0 0
145 189 0 0 0 0 0 0 0 0
151 12 0 0 0 0 0 0 0 0
152 12 0 0 0 0 0 0 0 0
153 16 1 1 4 0 0 0 0 0
155 20 0 0 4 0 0 0 0 0
157 8 0 0 0 0 0 0 0 0
163 354 1 1 0 0 0 0 0 0
164 102 1 1 68 28 28 0 0 0
165 354 0 0 0 0 0 0 0 0
166 120 0 0 30 0 0 0 0 0
169 147 0 0 0 0 0 0 0 0
170 441 0 0 294 1 1 0 0 0
173 12 0 0 4 0 0 0 0 0
fn=_dl_load_cache_lookup
182 12 2 2 0 0 0 0 0 0
183 32 2 2 0 0 0 24 0 0
191 8 0 0 4 0 0 0 0 0
194 12 0 0 4 0 0 0 0 0
197 5 2 2 0 0 0 1 0 0
205 5 0 0 1 0 0 0 0 0
206 6 1 1 0 0 0 1 0 0
210 1 0 0 0 0 0 1 0 0
213 4 0 0 1 0 0 0 0 0
216 2 0 0 0 0 0 1 0 0
217 3 0 0 0 0 0 0 0 0
218 5 1 1 0 0 0 1 0 0
236 2 0 0 0 0 0 0 0 0
239 9 0 0 3 0 0 0 0 0
245 12 0 0 4 0 0 0 0 0
254 8 0 0 0 0 0 0 0 0
260 16 1 1 0 0 0 8 0 0
264 4 1 1 4 0 0 0 0 0
265 24 0 0 12 0 0 4 0 0
279 806 8 8 112 24 24 38 0 0
295 16 1 1 4 0 0 0 0 0
300 36 0 0 28 0 0 0 0 0
fn=_dl_unload_cache
309 1 0 0 0 0 0 0 0 0
310 4 0 0 1 1 0 0 0 0
312 2 0 0 1 0 0 1 0 0
313 1 0 0 0 0 0 1 0 0
315 2 0 0 1 0 0 0 0 0
fl=/build/buildd/eglibc-2.15/elf/dl-debug.c
fn=_dl_debug_initialize
52 14 2 1 0 0 0 0 0 0
53 7 0 0 7 0 0 0 0 0
57 33 2 1 6 1 0 0 0 0
60 1 0 0 0 0 0 1 0 0
61 3 0 0 0 0 0 1 0 0
62 5 0 0 1 0 0 1 0 0
63 2 0 0 0 0 0 1 0 0
67 7 0 0 7 0 0 0 0 0
fn=_dl_debug_state
77 2 2 1 2 0 0 0 0 0
fl=/build/buildd/eglibc-2.15/elf/dl-deps.c
fn=_dl_map_object_deps
146 3 0 0 0 0 0 0 0 0
149 11 2 2 0 0 0 9 0 0
150 9 0 0 0 0 0 1 0 0
164 4 0 0 0 0 0 2 0 0
165 2 0 0 0 0 0 2 0 0
166 7 1 1 0 0 0 2 0 0
168 1 0 0 0 0 0 1 0 0
172 9 1 1 2 0 0 2 0 0
182 9 0 0 0 0 0 1 0 0
183 1 0 0 1 0 0 0 0 0
186 3 0 0 0 0 0 2 0 0
205 2 0 0 1 0 0 1 0 0
206 1 0 0 0 0 0 1 0 0
207 1 1 1 0 0 0 1 0 0
208 4 1 1 0 0 0 4 0 0
212 14 0 0 14 0 0 0 0 0
213 9 1 1 0 0 0 0 0 0
214 2 0 0 0 0 0 0 0 0
217 7 0 0 0 0 0 7 0 0
221 14 0 0 7 0 0 0 0 0
222 44 2 2 19 1 1 0 0 0
224 10 0 0 0 0 0 0 0 0
226 15 0 0 10 0 0 0 0 0
228 26 1 1 2 0 0 4 0 0
233 22 0 0 11 1 1 0 0 0
235 15 0 0 10 0 0 5 0 0
240 5 0 0 0 0 0 5 0 0
241 5 0 0 0 0 0 5 0 0
242 10 0 0 5 0 0 5 0 0
243 10 0 0 5 0 0 5 0 0
246 512 2 2 133 0 0 5 0 0
247 236 0 0 0 0 0 0 0 0
253 72 1 1 18 0 0 9 0 0
255 9 0 0 0 0 0 9 0 0
258 54 0 0 0 0 0 9 0 0
260 27 1 1 9 0 0 0 0 0
275 9 0 0 9 0 0 0 0 0
277 18 0 0 9 0 0 0 0 0
282 15 0 0 0 0 0 0 0 0
285 5 1 1 0 0 0 5 0 0
286 5 0 0 0 0 0 5 0 0
287 5 0 0 0 0 0 5 0 0
288 10 0 0 5 0 0 5 0 0
290 5 0 0 5 0 0 0 0 0
292 30 0 0 5 0 0 10 0 0
296 18 0 0 0 0 0 0 0 0
297 21 0 0 0 0 0 7 0 0
299 436 1 1 0 0 0 0 0 0
477 14 1 1 0 0 0 0 0 0
479 15 0 0 0 0 0 5 0 0
481 10 0 0 0 0 0 5 0 0
482 10 0 0 0 0 0 0 0 0
483 10 0 0 0 0 0 0 0 0
486 5 0 0 0 0 0 5 0 0
487 25 0 0 0 0 0 5 0 0
488 25 0 0 0 0 0 5 0 0
491 5 0 0 0 0 0 5 0 0
492 5 0 0 5 0 0 0 0 0
496 35 1 1 14 0 0 0 0 0
498 7 0 0 7 0 0 0 0 0
499 47 1 1 7 0 0 6 0 0
503 5 0 0 1 0 0 0 0 0
504 2 0 0 1 0 0 1 0 0
507 5 1 1 2 0 0 1 0 0
517 2 0 0 0 0 0 1 0 0
518 3 0 0 1 0 0 0 0 0
520 2 1 1 0 0 0 0 0 0
525 5 0 0 2 0 0 1 0 0
526 16 1 1 10 0 0 2 0 0
528 22 1 1 7 0 0 1 0 0
534 28 0 0 7 0 0 7 2 2
538 14 0 0 14 0 0 0 0 0
541 2 0 0 1 0 0 0 0 0
592 5 0 0 3 0 0 0 0 0
594 3 0 0 1 0 0 0 0 0
630 6 1 1 1 0 0 2 0 0
632 4 1 1 1 0 0 1 0 0
636 1 1 1 0 0 0 0 0 0
637 6 1 1 0 0 0 0 0 0
638 10 1 1 2 0 0 3 0 0
642 8 0 0 8 0 0 0 0 0
643 16 0 0 8 0 0 0 0 0
649 60 0 0 15 0 0 0 0 0
651 68 0 0 34 0 0 0 0 0
652 39 0 0 0 0 0 0 0 0
654 111 1 1 37 0 0 0 0 0
655 81 0 0 0 0 0 0 0 0
659 22 1 1 0 0 0 12 0 0
661 2 0 0 0 0 0 2 0 0
663 14 1 1 12 0 0 0 0 0
669 2 1 1 2 0 0 0 0 0
670 8 1 1 0 0 0 2 0 0
672 4 0 0 2 0 0 2 0 0
674 4 0 0 2 0 0 0 0 0
677 15 0 0 0 0 0 0 0 0
680 18 0 0 6 0 0 0 0 0
683 56 1 1 16 0 0 15 0 0
690 2 0 0 1 0 0 1 0 0
692 2 0 0 1 0 0 1 0 0
693 1 0 0 1 0 0 0 0 0
701 2 0 0 1 0 0 0 0 0
704 3 0 0 1 0 0 0 0 0
707 8 0 0 7 0 0 0 0 0
fn=openaux
62 18 1 1 0 0 0 9 0 0
65 90 1 1 36 0 0 18 0 0
67 18 0 0 9 0 0 0 0 0
69 9 0 0 9 0 0 0 0 0
70 18 0 0 18 0 0 0 0 0
fl=/build/buildd/eglibc-2.15/elf/dl-environ.c
fn=_dl_next_ld_env_entry
31 3 1 1 3 0 0 0 0 0
32 3 0 0 0 0 0 0 0 0
34 86 0 0 28 0 0 0 0 0
36 54 0 0 27 14 14 0 0 0
37 18 0 0 9 1 1 0 0 0
39 2 0 0 0 0 0 0 0 0
42 4 0 0 0 0 0 2 0 0
44 2 0 0 2 0 0 0 0 0
47 25 0 0 0 0 0 0 0 0
51 1 0 0 1 0 0 0 0 0
fl=/build/buildd/eglibc-2.15/elf/dl-error.c
fn=_dl_catch_error
160 70 1 1 0 0 0 60 3 3
169 10 0 0 0 0 0 10 0 0
171 20 1 1 10 0 0 20 0 0
172 20 0 0 10 0 0 10 0 0
174 40 0 0 0 0 0 10 0 0
175 20 0 0 0 0 0 0 0 0
177 30 0 0 10 0 0 10 0 0
178 20 0 0 20 0 0 10 0 0
179 30 1 1 20 0 0 10 0 0
180 20 0 0 10 0 0 10 0 0
181 20 0 0 10 0 0 10 0 0
182 20 0 0 10 0 0 10 0 0
192 40 0 0 20 0 0 0 0 0
fn=_dl_receive_error
198 10 1 1 0 0 0 6 0 0
199 2 0 0 1 0 0 1 0 0
203 1 0 0 1 0 0 0 0 0
204 1 0 0 1 1 1 0 0 0
207 1 0 0 0 0 0 1 0 0
208 1 1 1 0 0 0 1 0 0
210 2 0 0 0 0 0 1 0 0
212 1 0 0 0 0 0 1 0 0
213 1 0 0 0 0 0 1 0 0
214 8 0 0 7 0 0 0 0 0
fl=/build/buildd/eglibc-2.15/elf/dl-init.c
fn=_dl_init
37 24 1 1 8 0 0 0 0 0
43 14 0 0 0 0 0 7 0 0
46 21 2 2 14 4 0 0 0 0
47 3 0 0 0 0 0 0 0 0
51 12 0 0 6 4 0 0 0 0
52 28 0 0 1 0 0 6 0 0
93 11 1 1 0 0 0 6 0 0
94 1 0 0 1 1 0 0 0 0
95 1 0 0 1 0 0 0 0 0
98 3 0 0 1 0 0 0 0 0
101 2 0 0 0 0 0 1 0 0
105 2 0 0 0 0 0 0 0 0
132 2 1 1 1 0 0 0 0 0
133 23 0 0 0 0 0 0 0 0
134 21 0 0 14 0 0 0 0 0
140 8 0 0 7 0 0 0 0 0
fn=call_init.part.0
35 73 1 1 0 0 0 30 0 0
56 12 0 0 6 0 0 0 0 0
64 18 0 0 6 0 0 0 0 0
66 10 0 0 10 4 0 0 0 0
70 20 0 0 0 0 0 5 0 0
74 6 1 1 6 4 0 0 0 0
75 12 0 0 0 0 0 0 0 0
81 9 0 0 6 1 0 0 0 0
83 6 0 0 6 0 0 0 0 0
84 26 0 0 0 0 0 0 0 0
85 50 0 0 10 2 0 10 0 0
87 36 1 1 36 0 0 0 0 0
fl=/build/buildd/eglibc-2.15/elf/dl-load.c
fn=_dl_init_paths
711 28 0 0 0 0 0 1 0 0
712 9 2 2 0 0 0 7 0 0
727 6 0 0 2 0 0 2 0 0
731 1 0 0 0 0 0 1 0 0
732 3 0 0 0 0 0 1 0 0
733 2 0 0 0 0 0 0 0 0
740 5 0 0 0 0 0 0 0 0
741 2 1 1 1 0 0 0 0 0
744 1 0 0 0 0 0 1 0 0
745 2 0 0 0 0 0 1 0 0
747 2 0 0 0 0 0 0 0 0
753 1 0 0 0 0 0 1 0 0
754 1 0 0 0 0 0 1 0 0
756 1 0 0 0 0 0 0 0 0
762 13 0 0 0 0 0 3 1 1
764 8 0 0 0 0 0 4 2 2
765 4 1 1 0 0 0 4 1 1
767 5 0 0 0 0 0 4 0 0
768 10 0 0 3 1 1 4 1 1
769 10 0 0 0 0 0 0 0 0
772 29 2 2 3 1 1 0 0 0
773 92 0 0 0 0 0 0 0 0
774 17 1 1 0 0 0 16 1 1
776 24 2 2 3 0 0 4 0 0
782 1 0 0 0 0 0 1 1 1
783 1 0 0 0 0 0 1 0 0
787 1 0 0 1 0 0 0 0 0
788 2 0 0 0 0 0 0 0 0
790 4 1 1 1 0 0 0 0 0
792 3 0 0 1 0 0 0 0 0
806 1 0 0 0 0 0 1 0 0
808 3 2 2 1 0 0 0 0 0
819 2 1 1 0 0 0 1 0 0
824 5 1 1 3 0 0 0 0 0
832 5 0 0 0 0 0 1 0 0
834 11 1 1 2 0 0 2 0 0
851 51 1 1 16 0 0 0 0 0
853 14 0 0 0 0 0 0 0 0
854 42 0 0 0 0 0 0 0 0
855 14 0 0 0 0 0 0 0 0
858 1 0 0 0 0 0 1 0 0
859 1 0 0 0 0 0 1 0 0
860 2 0 0 0 0 0 0 0 0
866 7 1 1 1 0 0 1 0 0
870 3 0 0 2 0 0 0 0 0
876 1 0 0 0 0 0 1 0 0
880 8 0 0 7 0 0 0 0 0
fn=_dl_map_object
161 12 1 1 0 0 0 4 0 0
162 12 0 0 0 0 0 8 0 0
164 12 0 0 4 0 0 0 0 0
167 12 0 0 0 0 0 4 0 0
689 42 1 1 14 0 0 0 0 0
692 4 0 0 0 0 0 0 0 0
695 6 1 1 2 0 0 0 0 0
698 4 2 2 0 0 0 2 0 0
2276 130 2 2 0 0 0 90 3 3
2283 20 0 0 0 0 0 0 0 0
2284 20 0 0 10 0 0 0 0 0
2287 162 0 0 44 0 0 0 0 0
2292 117 1 1 39 0 0 0 0 0
2293 78 0 0 0 0 0 0 0 0
2295 195 0 0 0 0 0 39 2 2
2299 68 0 0 34 0 0 0 0 0
2300 102 1 1 34 0 0 0 0 0
2303 17 0 0 17 0 0 0 0 0
2304 34 0 0 34 0 0 0 0 0
2305 68 0 0 0 0 0 17 0 0
2321 35 1 1 10 0 0 10 0 0
2322 5 1 1 0 0 0 0 0 0
2332 15 0 0 5 0 0 0 0 0
2356 5 0 0 0 0 0 5 0 0
2358 25 1 1 0 0 0 5 0 0
2362 16 1 1 0 0 0 8 0 0
2364 8 0 0 4 0 0 0 0 0
2371 16 0 0 4 0 0 0 0 0
2375 8 0 0 4 0 0 4 0 0
2380 34 1 1 10 0 0 0 0 0
2381 1 0 0 0 0 0 0 0 0
2383 24 0 0 4 0 0 8 0 0
2395 16 2 2 4 0 0 0 0 0
2396 28 0 0 12 0 0 0 0 0
2406 8 1 1 4 0 0 0 0 0
2407 64 1 1 16 0 0 16 0 0
2413 16 1 1 4 0 0 0 0 0
2414 1 1 1 0 0 0 0 0 0
2421 16 1 1 4 0 0 4 0 0
2426 12 0 0 0 0 0 4 0 0
2428 8 0 0 0 0 0 0 0 0
2433 12 0 0 4 0 0 0 0 0
2441 8 1 1 4 0 0 0 0 0
2468 40 0 0 4 0 0 4 0 0
2471 8 0 0 0 0 0 0 0 0
2473 4 0 0 0 0 0 4 1 1
2474 8 0 0 0 0 0 0 0 0
2493 8 0 0 4 0 0 0 0 0
2499 1 0 0 0 0 0 1 1 1
2501 6 0 0 1 0 0 1 0 0
2502 2 1 1 0 0 0 0 0 0
2503 1 0 0 0 0 0 0 0 0
2506 10 0 0 1 0 0 1 0 0
2509 2 0 0 0 0 0 0 0 0
2521 20 1 1 5 0 0 0 0 0
2523 10 0 0 0 0 0 0 0 0
2567 10 0 0 5 0 0 5 0 0
2568 70 0 0 15 0 0 20 0 0
2570 90 0 0 70 0 0 0 0 0
fn=_dl_map_object_from_fd
913 10 0 0 0 0 0 0 0 0
916 70 2 2 0 0 0 50 1 1
927 20 0 0 5 0 0 10 1 1
928 5 0 0 0 0 0 5 0 0
931 30 1 1 5 0 0 5 0 0
942 95 0 0 30 0 0 0 0 0
943 95 1 1 50 1 1 0 0 0
960 10 1 1 5 0 0 0 0 0
985 15 0 0 5 0 0 0 0 0
995 10 1 1 5 0 0 0 0 0
1017 20 0 0 10 0 0 0 0 0
1048 10 0 0 0 0 0 0 0 0
1051 40 1 1 20 0 0 5 0 0
1052 10 0 0 0 0 0 0 0 0
1063 15 0 0 10 0 0 5 3 3
1064 20 0 0 10 0 0 10 0 0
1065 10 1 1 5 0 0 5 0 0
1067 15 0 0 0 0 0 0 0 0
1068 20 0 0 10 0 0 0 0 0
1069 5 0 0 0 0 0 0 0 0
1074 5 0 0 0 0 0 5 0 0
1084 5 0 0 0 0 0 5 0 0
1093 40 1 1 5 0 0 0 0 0
1094 5 0 0 0 0 0 0 0 0
1095 5 1 1 0 0 0 5 0 0
1101 373 0 0 5 0 0 0 0 0
1102 302 2 2 41 0 0 0 0 0
1108 10 0 0 5 0 0 5 0 0
1109 20 0 0 5 0 0 5 0 0
1113 4 0 0 2 0 0 2 0 0
1114 2 0 0 0 0 0 0 0 0
1119 50 1 1 20 0 0 0 0 0
1125 60 1 1 20 0 0 0 0 0
1126 10 0 0 0 0 0 0 0 0
1133 40 0 0 0 0 0 0 0 0
1134 40 0 0 0 0 0 10 5 5
1135 30 0 0 10 0 0 0 0 0
1136 20 0 0 0 0 0 10 0 0
1137 10 0 0 0 0 0 10 1 1
1138 20 1 1 10 0 0 10 0 0
1139 20 0 0 0 0 0 10 2 2
1143 20 0 0 0 0 0 0 0 0
1144 25 0 0 10 0 0 5 0 0
1149 70 0 0 10 0 0 10 0 0
1159 10 0 0 0 0 0 0 0 0
1162 6 0 0 2 0 0 0 0 0
1166 2 0 0 0 0 0 2 2 2
1167 4 0 0 2 0 0 2 0 0
1168 6 0 0 2 0 0 0 0 0
1171 6 1 1 0 0 0 2 0 0
1172 4 0 0 2 0 0 2 0 0
1175 2 0 0 0 0 0 2 0 0
1179 8 0 0 2 0 0 0 0 0
1185 8 1 1 2 0 0 4 2 2
1186 2 0 0 0 0 0 0 0 0
1190 25 0 0 5 0 0 5 0 0
1240 10 0 0 5 0 0 5 0 0
1241 5 0 0 0 0 0 0 0 0
1244 10 1 1 5 0 0 5 2 2
1245 15 0 0 5 0 0 5 0 0
1246 5 0 0 0 0 0 0 0 0
1249 10 1 1 0 0 0 0 0 0
1259 5 0 0 0 0 0 0 0 0
1262 35 0 0 10 0 0 5 0 0
1264 10 0 0 0 0 0 0 0 0
1278 10 1 1 5 0 0 0 0 0
1283 35 0 0 15 0 0 15 2 2
1287 15 1 1 5 0 0 0 0 0
1294 15 0 0 5 0 0 5 0 0
1295 10 0 0 5 0 0 5 0 0
1297 10 0 0 5 0 0 0 0 0
1303 30 0 0 5 0 0 5 0 0
1304 5 1 1 5 0 0 0 0 0
1307 5 0 0 5 0 0 0 0 0
1330 55 0 0 5 0 0 0 0 0
1332 20 1 1 10 0 0 0 0 0
1334 60 0 0 20 0 0 5 0 0
1342 30 0 0 10 0 0 0 0 0
1343 15 1 1 10 0 0 5 0 0
1345 20 0 0 10 0 0 0 0 0
1346 15 1 1 9 0 0 0 0 0
1347 18 0 0 6 0 0 0 0 0
1348 15 1 1 3 0 0 0 0 0
1350 12 0 0 0 0 0 3 0 0
1352 40 0 0 20 0 0 0 0 0
1358 10 0 0 5 0 0 0 0 0
1359 5 0 0 0 0 0 0 0 0
1360 30 1 1 5 0 0 0 0 0
1361 10 0 0 0 0 0 0 0 0
1368 10 0 0 0 0 0 0 0 0
1371 10 0 0 0 0 0 0 0 0
1382 40 0 0 0 0 0 20 0 0
1383 30 0 0 20 0 0 0 0 0
1388 10 0 0 0 0 0 0 0 0
1392 16 1 1 2 0 0 2 0 0
1395 4 0 0 0 0 0 0 0 0
1403 10 1 1 0 0 0 0 0 0
1407 15 0 0 5 0 0 0 0 0
1416 15 1 1 5 0 0 5 0 0
1422 20 0 0 5 0 0 0 0 0
1438 15 1 1 5 0 0 0 0 0
1457 10 0 0 5 0 0 5 0 0
1459 25 0 0 10 0 0 0 0 0
1514 15 0 0 5 2 2 0 0 0
1515 4 0 0 2 0 0 2 0 0
1518 20 1 1 5 0 0 5 0 0
1526 10 0 0 5 0 0 0 0 0
1529 20 0 0 10 0 0 5 0 0
1531 10 1 1 5 0 0 0 0 0
1547 10 0 0 0 0 0 5 0 0
1551 10 0 0 5 0 0 0 0 0
1552 10 1 1 5 0 0 0 0 0
1570 20 0 0 10 0 0 5 0 0
1574 10 1 1 5 0 0 5 0 0
1578 10 0 0 5 0 0 0 0 0
1584 15 0 0 5 0 0 5 0 0
1588 15 0 0 5 0 0 0 0 0
1608 45 0 0 35 0 0 0 0 0
fn=expand_dynamic_string_token
161 3 0 0 0 0 0 1 0 0
162 2 0 0 0 0 0 1 0 0
164 2 0 0 0 0 0 0 0 0
167 4 0 0 0 0 0 0 0 0
421 9 1 1 0 0 0 5 0 0
431 5 1 1 0 0 0 1 0 0
446 6 1 1 5 0 0 0 0 0
fn=fillin_rpath
489 6 1 1 0 0 0 0 0 0
491 14 2 2 0 0 0 11 0 0
493 1 0 0 0 0 0 0 0 0
495 12 0 0 2 0 0 2 0 0
498 3 1 1 0 0 0 1 0 0
502 2 0 0 0 0 0 0 0 0
509 4 0 0 1 0 0 0 0 0
514 2 0 0 0 0 0 1 0 0
517 3 1 1 1 0 0 0 0 0
521 17 0 0 5 0 0 0 0 0
522 8 0 0 4 0 0 0 0 0
540 3 1 1 1 0 0 1 0 0
543 4 0 0 0 0 0 3 0 0
544 3 0 0 2 0 0 0 0 0
545 1 1 1 0 0 0 0 0 0
546 4 0 0 2 0 0 0 0 0
550 1 0 0 0 0 0 1 1 1
551 1 0 0 0 0 0 0 0 0
552 5 0 0 0 0 0 3 0 0
553 1 0 0 0 0 0 1 0 0
555 3 1 1 2 0 0 0 0 0
561 4 0 0 1 0 0 0 0 0
562 28 1 1 0 0 0 0 0 0
563 4 1 1 0 0 0 4 0 0
565 2 0 0 1 0 0 1 1 1
566 2 0 0 1 0 0 0 0 0
571 2 2 2 0 0 0 1 0 0
573 1 0 0 0 0 0 1 0 0
574 1 0 0 0 0 0 1 0 0
577 3 1 1 0 0 0 1 0 0
582 1 0 0 0 0 0 1 0 0
585 9 0 0 7 0 0 0 0 0
fn=open_path
2123 21 0 0 0 0 0 0 0 0
2127 56 2 2 0 0 0 48 1 1
2128 8 0 0 4 0 0 4 0 0
2131 4 1 1 0 0 0 4 0 0
2132 4 0 0 0 0 0 4 0 0
2134 8 0 0 0 0 0 0 0 0
2139 40 0 0 12 0 0 0 0 0
2142 4 0 0 4 0 0 0 0 0
2151 8 0 0 4 0 0 0 0 0
2158 20 0 0 8 0 0 8 0 0
2159 83 1 1 7 0 0 0 0 0
2162 32 1 1 16 0 0 0 0 0
2166 70 1 1 42 0 0 14 0 0
2169 7 0 0 0 0 0 0 0 0
2172 14 1 1 7 0 0 0 0 0
2175 56 0 0 28 0 0 7 0 0
2177 21 0 0 7 0 0 0 0 0
2179 8 0 0 0 0 0 0 0 0
2184 8 1 1 4 0 0 0 0 0
2185 36 0 0 16 0 0 0 0 0
2191 24 1 1 4 0 0 8 0 0
2193 24 0 0 0 0 0 4 0 0
2194 4 0 0 1 0 0 0 0 0
2196 6 1 1 0 0 0 3 0 0
2198 3 1 1 0 0 0 1 0 0
2203 20 0 0 4 0 0 0 0 0
2205 9 0 0 0 0 0 0 0 0
2244 20 0 0 4 0 0 0 0 0
2249 4 1 1 4 0 0 0 0 0
2251 16 0 0 12 0 0 0 0 0
2254 12 0 0 4 0 0 0 0 0
2267 4 0 0 0 0 0 0 0 0
2268 36 0 0 28 0 0 0 0 0
fn=open_verify
1857 168 1 1 0 0 0 96 3 3
1893 58 0 0 12 0 0 0 0 0
1905 6 1 1 3 0 0 0 0 0
1914 60 1 1 0 0 0 24 3 3
1915 24 0 0 0 0 0 0 0 0
1925 5 0 0 0 0 0 5 0 0
1926 35 1 1 0 0 0 10 0 0
1933 10 0 0 0 0 0 0 0 0
1949 50 1 1 0 0 0 5 0 0
1951 5 0 0 5 0 0 0 0 0
1953 20 0 0 0 0 0 5 0 0
2009 10 0 0 5 0 0 0 0 0
2014 10 1 1 5 0 0 0 0 0
2016 15 0 0 5 0 0 0 0 0
2022 10 0 0 5 1 1 0 0 0
2029 25 1 1 5 0 0 0 0 0
2030 20 0 0 5 0 0 0 0 0
2031 10 0 0 0 0 0 5 0 0
2046 281 0 0 47 0 0 0 0 0
2048 93 1 1 44 5 5 0 0 0
2052 20 0 0 10 0 0 0 0 0
2053 5 0 0 0 0 0 0 0 0
2062 42 2 2 0 0 0 7 0 0
2065 5 0 0 0 0 0 0 0 0
2066 15 0 0 5 0 0 0 0 0
2067 15 0 0 5 0 0 0 0 0
2069 15 0 0 0 0 0 0 0 0
2074 2 0 0 0 0 0 0 0 0
2075 2 0 0 0 0 0 0 0 0
2078 4 0 0 0 0 0 0 0 0
2081 6 0 0 2 0 0 0 0 0
2082 10 0 0 2 0 0 0 0 0
2083 4 0 0 2 0 0 0 0 0
2084 6 0 0 2 0 0 0 0 0
2085 10 0 0 2 0 0 0 0 0
2113 108 2 2 96 0 0 0 0 0
fl=/build/buildd/eglibc-2.15/elf/dl-lookup.c
fn=_dl_lookup_symbol_x
477 196287 1 1 48150 1199 1051 0 0 0
478 234605 0 0 0 0 0 0 0 0
716 17206 2 2 0 0 0 11061 5 2
718 2458 0 0 0 0 0 1229 1 0
719 2458 0 0 0 0 0 2458 2 1
722 1229 0 0 1229 4 1 0 0 0
726 4890 1 1 1216 0 0 0 0 0
730 1229 0 0 0 0 0 1229 0 0
731 2458 0 0 1229 0 0 0 0 0
733 2458 0 0 2458 10 1 0 0 0
737 7422 1 1 3699 0 0 0 0 0
739 18435 1 1 6145 0 0 8603 9 0
742 2458 0 0 0 0 0 0 0 0
745 24 0 0 0 0 0 0 0 0
770 2458 0 0 0 0 0 0 0 0
772 84 1 1 24 0 0 0 0 0
789 12 1 1 0 0 0 12 0 0
790 24 0 0 0 0 0 0 0 0
793 3651 0 0 1217 0 0 0 0 0
794 7302 1 1 2434 0 0 0 0 0
829 4868 0 0 1217 0 0 0 0 0
843 3651 0 0 1217 13 1 0 0 0
844 2 1 1 0 0 0 1 0 0
846 4868 1 1 2434 0 0 0 0 0
851 1217 0 0 0 0 0 1217 0 0
853 11061 0 0 8603 0 0 0 0 0
fn=_dl_setup_hash
861 7 1 1 0 0 0 0 0 0
864 21 0 0 7 0 0 0 0 0
868 7 0 0 7 0 0 0 0 0
872 14 0 0 7 7 7 7 0 0
873 7 1 1 7 0 0 0 0 0
874 7 0 0 7 1 1 0 0 0
876 21 0 0 0 0 0 0 0 0
877 7 0 0 0 0 0 7 0 0
878 21 0 0 7 0 0 7 0 0
880 7 0 0 0 0 0 7 0 0
881 14 0 0 0 0 0 0 0 0
883 7 0 0 0 0 0 7 0 0
884 7 0 0 0 0 0 0 0 0
885 28 1 1 0 0 0 7 0 0
899 14 0 0 7 0 0 0 0 0
fn=check_match.11236
132 8519 2 2 0 0 0 4868 2 0
133 2434 0 0 1217 34 14 0 0 0
135 7298 1 1 2432 138 105 0 0 0
137 3651 0 0 1217 0 0 0 0 0
147 3651 0 0 1217 0 0 1217 10 1
150 2668 1 1 1334 0 0 39 1 0
154 2434 0 0 2434 2 0 0 0 0
155 3651 0 0 1217 0 0 0 0 0
157 2432 0 0 0 0 0 0 0 0
176 2432 1 1 2432 26 6 0 0 0
177 9728 0 0 3648 15 2 0 0 0
178 6080 1 1 2432 3 0 1216 1 0
205 2 0 0 0 0 0 0 0 0
207 6 0 0 2 1 0 0 0 0
208 4 0 0 1 0 0 0 0 0
223 8519 1 1 6085 0 0 0 0 0
fn=do_lookup_x
77 11006 4 4 3687 0 0 6193 0 0
82 14748 1 1 2458 0 0 8603 10 2
83 1229 0 0 1229 2 0 0 0 0
89 1229 0 0 1229 0 0 0 0 0
95 3837 0 0 0 0 0 3837 0 0
96 3837 0 0 0 0 0 3837 0 0
98 11511 0 0 7674 34 4 3837 0 0
101 7674 1 1 0 0 0 0 0 0
105 7696 0 0 3848 0 0 0 0 0
109 7668 0 0 3834 30 4 0 0 0
113 7668 0 0 3834 2 0 0 0 0
120 11502 1 1 3834 15 2 0 0 0
124 11502 0 0 7668 52 6 3834 3 1
125 11502 0 0 7668 16 2 3834 0 0
226 3834 0 0 3834 0 0 0 0 0
227 7668 0 0 0 0 0 0 0 0
229 3834 0 0 3834 534 114 0 0 0
230 2458 0 0 0 0 0 0 0 0
231 7668 0 0 3834 0 0 0 0 0
233 2458 0 0 0 0 0 0 0 0
234 15336 1 1 3834 0 0 0 0 0
237 15336 0 0 0 0 0 0 0 0
238 11502 0 0 0 0 0 0 0 0
240 2564 0 0 2564 453 115 0 0 0
241 5128 1 1 0 0 0 0 0 0
242 2564 0 0 0 0 0 0 0 0
244 3813 0 0 1271 0 0 0 0 0
247 17090 1 1 3418 977 290 0 0 0
249 7302 1 1 2434 0 0 1217 0 0
250 10953 0 0 1217 0 0 6085 4 0
251 7302 0 0 4868 0 0 0 0 0
254 6603 0 0 0 0 0 0 0 0
258 2617 0 0 0 0 0 2617 0 0
262 1229 0 0 0 0 0 0 0 0
282 5234 0 0 2617 0 0 0 0 0
287 6214 1 1 1217 0 0 0 0 0
291 3736 1 1 856 2 0 1168 0 0
304 2434 0 0 1217 0 0 1217 0 0
305 2434 0 0 1217 0 0 1217 0 0
306 2483 0 0 0 0 0 49 0 0
317 644 1 1 49 0 0 0 0 0
318 476 0 0 119 0 0 0 0 0
319 394 1 1 197 57 56 0 0 0
321 156 0 0 0 0 0 0 0 0
322 156 0 0 0 0 0 0 0 0
323 86 0 0 0 0 0 0 0 0
326 119 0 0 0 0 0 119 0 0
327 119 0 0 0 0 0 119 0 0
328 168 0 0 49 0 0 119 0 0
329 119 0 0 0 0 0 119 0 0
332 245 1 1 49 0 0 0 0 0
333 49 0 0 49 0 0 0 0 0
335 98 0 0 49 2 0 49 0 0
337 98 0 0 49 2 1 49 0 0
338 49 0 0 49 0 0 0 0 0
339 98 0 0 0 0 0 0 0 0
341 192 0 0 0 0 0 0 0 0
342 370 0 0 0 0 0 48 0 0
345 603 1 1 201 41 28 0 0 0
346 119 0 0 119 0 0 0 0 0
365 380 0 0 0 0 0 0 0 0
369 179 0 0 0 0 0 0 0 0
370 246 2 2 48 0 0 0 0 0
373 240 0 0 48 0 0 0 0 0
378 6 0 0 2 2 0 0 0 0
380 8 1 1 0 0 0 2 0 0
381 8 0 0 0 0 0 2 0 0
383 4 0 0 0 0 0 0 0 0
387 6 0 0 2 0 0 2 0 0
390 380 0 0 0 0 0 0 0 0
391 276 1 1 92 25 1 0 0 0
392 210 0 0 210 0 0 0 0 0
396 4 0 0 4 0 0 2 0 0
397 2 0 0 0 0 0 2 0 0
399 2 0 0 0 0 0 2 0 0
400 6 0 0 2 2 0 4 0 0
407 3 1 1 1 1 0 0 0 0
416 2 0 0 0 0 0 0 0 0
425 1 0 0 0 0 0 0 0 0
426 4 1 1 0 0 0 2 0 0
427 2 0 0 0 0 0 0 0 0
430 1 0 0 0 0 0 1 0 0
431 1 0 0 0 0 0 1 0 0
432 4 1 1 1 1 0 2 0 0
435 98 0 0 49 0 0 0 0 0
436 147 1 1 147 0 0 0 0 0
440 49 0 0 49 0 0 0 0 0
443 196 0 0 49 0 0 0 0 0
448 49 1 1 49 0 0 0 0 0
450 147 0 0 98 0 0 49 0 0
452 49 0 0 0 0 0 0 0 0
462 15441 1 1 5147 2 0 0 0 0
463 880 0 0 320 0 0 320 1 0
466 7860 1 1 0 0 0 0 0 0
469 12 0 0 0 0 0 0 0 0
470 9832 0 0 8603 0 0 0 0 0
fl=/build/buildd/eglibc-2.15/elf/dl-minimal.c
fn=__libc_memalign
53 156 1 1 0 0 0 78 1 1
54 156 1 1 78 6 0 0 0 0
59 3 0 0 0 0 0 1 0 0
60 3 1 1 1 0 0 0 0 0
61 1 0 0 0 0 0 0 0 0
65 117 0 0 0 0 0 39 0 0
66 39 0 0 0 0 0 0 0 0
68 253 0 0 0 0 0 0 0 0
72 20 1 1 5 0 0 0 0 0
73 10 0 0 0 0 0 0 0 0
79 35 0 0 0 0 0 5 0 0
81 10 0 0 0 0 0 0 0 0
83 15 0 0 10 0 0 0 0 0
85 15 0 0 0 0 0 5 0 0
88 39 0 0 0 0 0 39 0 0
89 39 0 0 0 0 0 39 0 0
91 195 0 0 117 0 0 0 0 0
fn=calloc
108 34 0 0 0 0 0 0 0 0
111 85 1 1 0 0 0 0 0 0
115 34 0 0 0 0 0 0 0 0
fn=free
121 4 0 0 0 0 0 2 0 0
123 4 1 1 2 0 0 0 0 0
130 4 0 0 4 0 0 0 0 0
fn=malloc
95 38 1 1 0 0 0 0 0 0
96 76 0 0 0 0 0 0 0 0
fn=strsep
320 4 1 1 0 0 0 0 0 0
323 8 0 0 4 0 0 0 0 0
325 4 0 0 4 0 0 0 0 0
326 8 0 0 0 0 0 0 0 0
330 319 1 1 63 0 0 0 0 0
335 244 0 0 122 0 0 0 0 0
337 366 0 0 122 1 1 0 0 0
345 61 0 0 0 0 0 0 0 0
348 2 0 0 0 0 0 2 0 0
352 8 0 0 4 0 0 0 0 0
fl=/build/buildd/eglibc-2.15/elf/dl-misc.c
fn=_dl_higher_prime_number
361 4 0 0 0 0 0 0 0 0
362 2 0 0 0 0 0 0 0 0
364 20 0 0 0 0 0 0 0 0
366 74 1 1 0 0 0 0 0 0
367 37 0 0 10 4 2 0 0 0
368 3 0 0 0 0 0 0 0 0
382 2 0 0 2 0 0 0 0 0
383 2 0 0 2 0 0 0 0 0
fn=_dl_name_match_p
305 810 1 1 0 0 0 324 3 1
306 648 0 0 162 8 1 162 1 0
307 162 0 0 0 0 0 0 0 0
309 162 0 0 162 0 0 0 0 0
311 646 0 0 0 0 0 0 0 0
312 875 1 1 175 18 3 175 0 0
313 14 0 0 0 0 0 0 0 0
315 161 0 0 161 0 0 0 0 0
317 310 0 0 0 0 0 0 0 0
318 810 0 0 486 0 0 0 0 0
fn=_dl_sysdep_read_whole_file
44 7 1 1 0 0 0 4 0 0
45 1 1 1 0 0 0 0 0 0
51 4 0 0 0 0 0 1 0 0
52 2 0 0 0 0 0 0 0 0
54 6 0 0 0 0 0 1 0 0
56 2 0 0 1 0 0 1 0 0
59 2 0 0 0 0 0 0 0 0
61 9 1 1 0 0 0 1 0 0
72 2 0 0 0 0 0 1 0 0
75 7 0 0 5 0 0 0 0 0
fl=/build/buildd/eglibc-2.15/elf/dl-object.c
fn=_dl_add_to_namespace_list
34 30 1 1 0 0 0 12 0 0
36 12 0 0 6 0 0 6 0 0
38 43 1 1 6 0 0 0 0 0
41 75 0 0 20 0 0 0 0 0
43 5 0 0 0 0 0 5 0 0
45 5 0 0 0 0 0 5 0 0
48 2 1 1 0 0 0 1 0 0
49 18 0 0 6 0 0 0 0 0
50 12 0 0 6 0 0 6 0 0
51 12 0 0 0 0 0 6 0 0
53 18 0 0 6 0 0 0 0 0
54 18 0 0 12 0 0 0 0 0
fn=_dl_new_object
61 5 0 0 0 0 0 0 0 0
63 78 1 1 0 0 0 54 1 1
64 24 0 0 0 0 0 6 0 0
70 84 1 1 12 0 0 0 0 0
77 30 0 0 0 0 0 12 0 0
80 18 1 1 6 0 0 0 0 0
83 6 0 0 0 0 0 6 5 5
84 12 0 0 0 0 0 6 6 6
88 12 0 0 0 0 0 6 2 2
89 24 0 0 0 0 0 12 3 3
91 6 1 1 0 0 0 6 0 0
93 6 0 0 0 0 0 6 0 0
94 36 0 0 12 6 6 6 0 0
97 12 0 0 6 0 0 0 0 0
98 12 1 1 0 0 0 6 6 6
99 6 1 1 0 0 0 6 1 1
103 12 0 0 6 0 0 6 0 0
106 44 0 0 0 0 0 0 0 0
108 32 0 0 0 0 0 16 4 4
118 12 0 0 0 0 0 6 2 2
119 6 1 1 0 0 0 6 6 6
122 1 0 0 0 0 0 0 0 0
124 44 1 1 12 1 1 0 0 0
126 25 0 0 0 0 0 5 1 1
129 14 0 0 0 0 0 0 0 0
133 23 0 0 7 0 0 0 0 0
137 33 0 0 5 0 0 0 0 0
145 1 1 1 0 0 0 1 1 1
148 12 0 0 0 0 0 6 0 0
151 18 1 1 6 0 0 0 0 0
153 20 0 0 0 0 0 10 0 0
157 10 0 0 0 0 0 0 0 0
161 15 0 0 0 0 0 5 0 0
162 20 0 0 0 0 0 0 0 0
207 20 1 1 5 0 0 5 0 0
212 163 0 0 0 0 0 0 0 0
213 168 0 0 84 0 0 0 0 0
215 10 0 0 0 0 0 0 0 0
218 10 0 0 0 0 0 5 0 0
221 5 0 0 0 0 0 5 1 1
225 54 1 1 42 0 0 0 0 0
fl=/build/buildd/eglibc-2.15/elf/dl-reloc.c
fn=_dl_relocate_object
152 24 0 0 0 0 0 7 0 0
154 77 1 1 0 0 0 56 0 0
161 7 0 0 0 0 0 7 0 0
164 14 0 0 0 0 0 0 0 0
165 21 0 0 0 0 0 7 0 0
169 14 0 0 0 0 0 0 0 0
170 35 1 1 7 2 0 7 0 0
176 14 0 0 7 0 0 0 0 0
182 21 0 0 7 0 0 0 0 0
184 21 1 1 14 6 0 0 0 0
186 14 0 0 7 0 0 0 0 0
194 14 1 1 7 3 0 0 0 0
239 21 0 0 14 0 0 7 0 0
265 411 3 3 146 24 1 102 0 0
268 21 0 0 7 0 0 0 0 0
308 7 0 0 7 0 0 0 0 0
311 14 0 0 7 0 0 0 0 0
328 21 0 0 7 3 0 0 0 0
330 56 0 0 49 2 0 0 0 0
336 28 0 0 14 1 0 0 0 0
337 14 1 1 7 0 0 0 0 0
338 14 0 0 0 0 0 0 0 0
341 14 0 0 0 0 0 0 0 0
342 35 1 1 0 0 0 7 0 0
fl=/build/buildd/eglibc-2.15/elf/dl-tls.c
fn=_dl_add_to_slotinfo
817 8 1 1 0 0 0 6 0 0
823 4 0 0 2 0 0 0 0 0
826 2 0 0 2 2 0 0 0 0
831 6 1 1 2 2 0 0 0 0
872 8 0 0 0 0 0 2 1 0
873 6 1 1 2 2 0 2 0 0
874 8 0 0 8 0 0 0 0 0
fn=_dl_allocate_tls_init
376 5 1 1 1 0 0 0 0 0
377 8 1 1 0 0 0 7 0 0
378 2 0 0 0 0 0 0 0 0
382 2 0 0 1 1 0 1 0 0
384 1 0 0 0 0 0 0 0 0
385 1 0 0 0 0 0 0 0 0
390 5 1 1 2 0 0 1 0 0
395 12 0 0 1 0 0 0 0 0
401 11 0 0 0 0 0 0 0 0
404 2 1 1 2 1 0 0 0 0
405 4 0 0 0 0 0 0 0 0
411 6 0 0 2 0 0 0 0 0
413 4 1 1 0 0 0 0 0 0
414 2 0 0 2 1 0 0 0 0
423 4 0 0 2 0 0 0 0 0
424 8 0 0 4 1 0 0 0 0
426 4 0 0 0 0 0 0 0 0
427 4 1 1 2 0 0 0 0 0
435 8 0 0 2 0 0 2 1 0
436 2 0 0 0 0 0 2 0 0
437 22 0 0 8 0 0 4 0 0
451 2 1 1 1 0 0 1 0 0
454 9 0 0 8 0 0 0 0 0
fn=_dl_allocate_tls_storage
296 3 1 1 1 0 0 1 1 1
297 3 0 0 0 0 0 1 0 0
298 2 0 0 0 0 0 0 0 0
307 2 0 0 0 0 0 1 0 0
329 3 1 1 0 0 0 3 0 0
331 1 0 0 1 0 0 0 0 0
342 4 0 0 1 0 0 1 0 0
343 2 0 0 0 0 0 0 0 0
350 1 0 0 0 0 0 0 0 0
354 306 1 1 0 0 0 288 36 36
371 5 0 0 4 0 0 0 0 0
fn=_dl_determine_tlsoffset
113 7 1 1 0 0 0 6 0 0
119 3 1 1 1 0 0 0 0 0
122 2 0 0 1 0 0 0 0 0
158 17 0 0 3 1 1 0 0 0
160 11 1 1 1 0 0 0 0 0
162 6 1 1 2 0 0 0 0 0
163 4 1 1 2 0 0 0 0 0
165 4 0 0 0 0 0 0 0 0
167 10 0 0 2 0 0 0 0 0
179 4 0 0 0 0 0 0 0 0
183 14 0 0 0 0 0 0 0 0
185 6 0 0 0 0 0 0 0 0
186 2 0 0 0 0 0 0 0 0
195 2 1 1 0 0 0 2 0 0
198 6 0 0 0 0 0 1 0 0
199 1 0 0 0 0 0 1 0 0
250 1 0 0 0 0 0 1 0 0
251 8 1 1 7 0 0 0 0 0
fn=_dl_next_tls_modid
51 2 1 1 0 0 0 0 0 0
54 6 0 0 4 0 0 0 0 0
102 4 0 0 0 0 0 2 0 0
106 4 0 0 2 0 0 0 0 0
fl=/build/buildd/eglibc-2.15/elf/dl-version.c
fn=_dl_check_all_versions
387 7 1 1 0 0 0 4 0 0
389 1 0 0 0 0 0 0 0 0
391 25 0 0 7 0 0 0 0 0
392 49 0 0 7 0 0 0 0 0
393 28 1 1 0 0 0 7 0 0
396 7 0 0 5 0 0 0 0 0
fn=_dl_check_map_versions
62 149 0 0 27 0 0 0 0 0
63 34 0 0 34 0 0 0 0 0
64 215 1 1 0 0 0 43 0 0
180 77 1 1 0 0 0 56 0 0
181 2 0 0 0 0 0 0 0 0
189 2 0 0 0 0 0 0 0 0
195 21 0 0 7 0 0 0 0 0
197 14 0 0 7 1 0 7 0 0
199 14 0 0 7 1 0 7 0 0
200 14 1 1 7 0 0 7 0 0
202 14 0 0 0 0 0 0 0 0
205 20 0 0 10 0 0 5 0 0
209 30 0 0 10 5 5 0 0 0
226 27 1 1 18 0 0 9 0 0
230 18 0 0 0 0 0 0 0 0
234 27 0 0 9 0 0 0 0 0
239 36 0 0 18 3 3 0 0 0
243 326 1 1 186 4 4 40 0 0
251 40 1 1 20 0 0 0 0 0
254 60 0 0 20 0 0 0 0 0
259 11 0 0 0 0 0 0 0 0
263 36 0 0 18 0 0 0 0 0
268 12 0 0 0 0 0 4 0 0
269 4 0 0 0 0 0 0 0 0
277 14 1 1 7 0 0 0 0 0
280 146 0 0 15 0 0 0 0 0
283 126 0 0 63 8 8 0 0 0
286 189 0 0 63 3 3 0 0 0
290 58 0 0 0 0 0 0 0 0
294 14 0 0 0 0 0 0 0 0
299 6 0 0 0 0 0 6 0 0
300 24 1 1 0 0 0 6 0 0
301 12 0 0 0 0 0 0 0 0
309 6 0 0 0 0 0 6 0 0
312 18 1 1 12 1 0 6 0 0
314 12 0 0 6 0 0 0 0 0
317 20 0 0 20 0 0 0 0 0
321 27 0 0 9 0 0 0 0 0
324 60 0 0 20 0 0 0 0 0
326 60 1 1 0 0 0 0 0 0
328 100 0 0 20 0 0 20 0 0
329 40 0 0 0 0 0 20 9 9
330 60 0 0 20 0 0 20 2 2
331 60 0 0 20 0 0 20 1 1
334 60 0 0 20 0 0 0 0 0
339 11 0 0 0 0 0 0 0 0
342 27 1 1 9 0 0 0 0 0
347 4 0 0 0 0 0 0 0 0
348 4 0 0 0 0 0 0 0 0
352 12 0 0 6 0 0 0 0 0
355 25 0 0 20 0 0 0 0 0
359 63 0 0 63 0 0 0 0 0
361 126 0 0 63 0 0 0 0 0
365 58 0 0 58 0 0 0 0 0
366 290 0 0 58 0 0 58 15 15
367 174 0 0 58 0 0 58 0 0
368 58 0 0 0 0 0 58 7 7
371 194 1 1 63 0 0 0 0 0
375 58 0 0 0 0 0 0 0 0
381 63 0 0 49 0 0 0 0 0
fn=match_symbol
82 260 2 2 0 0 0 140 0 0
83 40 0 0 40 0 0 0 0 0
91 40 0 0 20 0 0 0 0 0
97 60 0 0 20 0 0 0 0 0
112 20 0 0 20 1 0 0 0 0
113 40 1 1 0 0 0 0 0 0
115 20 0 0 20 0 0 0 0 0
120 248 0 0 124 13 12 0 0 0
134 248 0 0 124 5 5 0 0 0
136 20 1 1 20 0 0 0 0 0
139 160 0 0 40 1 1 40 0 0
142 20 1 1 0 0 0 0 0 0
146 312 0 0 104 5 5 0 0 0
150 104 0 0 0 0 0 0 0 0
174 160 0 0 140 0 0 0 0 0
fl=/build/buildd/eglibc-2.15/elf/do-rel.h
fn=_dl_relocate_object
56 28 0 0 14 0 0 0 0 0
57 14 0 0 14 0 0 0 0 0
67 42 1 1 14 0 0 0 0 0
70 2304 0 0 0 0 0 0 0 0
72 2274 1 1 758 283 283 0 0 0
74 55 0 0 0 0 0 0 0 0
83 12 1 1 0 0 0 0 0 0
84 63 0 0 2 0 0 0 0 0
85 34 0 0 17 0 0 0 0 0
93 24 1 1 16 0 0 8 0 0
95 16 0 0 0 0 0 0 0 0
107 24 1 1 0 0 0 0 0 0
117 15 1 1 1 1 1 0 0 0
120 5301 0 0 0 0 0 0 0 0
121 3526 0 0 1763 220 220 0 0 0
127 24 0 0 8 7 0 0 0 0
130 14 1 1 7 2 0 7 1 0
133 6676 2 2 2223 0 0 6 1 0
136 11055 1 1 2211 554 552 0 0 0
145 6633 0 0 4422 639 160 0 0 0
146 11252 0 0 2211 0 0 2211 1 0
147 3415 0 0 2211 3 0 0 0 0
148 4422 0 0 4422 1 0 0 0 0
152 12 0 0 0 0 0 0 0 0
169 21 4 4 5 0 0 4 0 0
171 15 1 1 3 1 1 0 0 0
179 15 0 0 3 0 0 3 0 0
180 6 0 0 6 0 0 0 0 0
183 2 0 0 0 0 0 0 0 0
184 14 1 1 14 0 0 0 0 0
fn=_dl_start
92 1 0 0 1 0 0 0 0 0
93 1 0 0 1 0 0 0 0 0
95 2 0 0 0 0 0 0 0 0
120 44 0 0 0 0 0 0 0 0
121 28 0 0 14 2 2 0 0 0
125 2 1 1 1 0 0 0 0 0
133 28 0 0 0 0 0 0 0 0
146 32 0 0 8 2 2 0 0 0
148 16 0 0 8 0 0 0 0 0
fl=/build/buildd/eglibc-2.15/elf/dynamic-link.h
fn=_dl_map_object_from_fd
115 10 0 0 0 0 0 0 0 0
119 5 0 0 0 0 0 0 0 0
121 357 0 0 119 33 33 0 0 0
123 228 1 1 0 0 0 0 0 0
128 129 0 0 0 0 0 0 0 0
129 192 0 0 0 0 0 109 30 30
130 20 0 0 0 0 0 0 0 0
133 25 1 1 0 0 0 0 0 0
136 25 0 0 0 0 0 0 0 0
137 5 0 0 0 0 0 0 0 0
138 15 0 0 0 0 0 5 0 0
139 114 0 0 0 0 0 0 0 0
146 10 1 1 0 0 0 0 0 0
166 17 0 0 7 0 0 0 0 0
167 20 0 0 10 0 0 0 0 0
168 20 0 0 10 0 0 0 0 0
169 20 1 1 10 0 0 0 0 0
171 20 0 0 10 0 0 0 0 0
176 20 0 0 10 0 0 0 0 0
177 19 0 0 9 1 1 0 0 0
178 20 1 1 10 0 0 0 0 0
184 15 0 0 5 0 0 0 0 0
189 10 0 0 5 0 0 0 0 0
196 10 0 0 5 0 0 0 0 0
197 15 0 0 10 0 0 0 0 0
213 15 1 1 5 1 1 0 0 0
218 6 0 0 2 0 0 2 1 1
220 4 0 0 0 0 0 0 0 0
222 4 0 0 0 0 0 0 0 0
224 4 0 0 0 0 0 0 0 0
227 15 1 1 5 0 0 0 0 0
229 2 0 0 1 0 0 1 0 0
231 2 0 0 0 0 0 0 0 0
234 10 0 0 5 0 0 0 0 0
fn=_dl_start
121 64 0 0 22 6 6 0 0 0
123 40 0 0 0 0 0 0 0 0
124 30 0 0 0 0 0 15 4 4
128 21 1 1 0 0 0 0 0 0
129 17 1 1 0 0 0 4 3 3
130 4 1 1 0 0 0 0 0 0
133 5 1 1 0 0 0 0 0 0
136 5 2 2 0 0 0 0 0 0
137 1 0 0 0 0 0 0 0 0
138 4 0 0 0 0 0 1 1 1
139 20 0 0 0 0 0 0 0 0
146 2 0 0 0 0 0 0 0 0
166 4 1 1 2 0 0 0 0 0
167 4 0 0 2 0 0 0 0 0
168 4 0 0 2 0 0 0 0 0
169 4 0 0 2 0 0 0 0 0
171 4 1 1 2 0 0 0 0 0
176 4 0 0 2 0 0 0 0 0
177 4 0 0 2 0 0 0 0 0
178 4 0 0 2 0 0 0 0 0
184 3 1 1 1 0 0 0 0 0
189 2 0 0 1 0 0 0 0 0
196 3 0 0 1 0 0 0 0 0
197 3 0 0 2 0 0 0 0 0
205 3 0 0 1 0 0 0 0 0
207 3 1 1 1 0 0 0 0 0
210 2 0 0 1 0 0 0 0 0
211 2 0 0 1 0 0 0 0 0
fn=dl_main
106 1 0 0 1 0 0 0 0 0
115 2 0 0 0 0 0 0 0 0
119 1 0 0 0 0 0 0 0 0
121 65 1 1 21 6 6 0 0 0
123 40 0 0 0 0 0 0 0 0
128 17 0 0 0 0 0 0 0 0
129 30 0 0 0 0 0 19 5 5
130 4 0 0 0 0 0 0 0 0
133 5 2 2 0 0 0 0 0 0
136 5 2 2 0 0 0 0 0 0
137 1 0 0 0 0 0 0 0 0
138 3 0 0 0 0 0 1 0 0
139 20 0 0 0 0 0 0 0 0
146 3 0 0 1 0 0 0 0 0
184 3 1 1 1 0 0 0 0 0
189 2 0 0 1 0 0 0 0 0
196 2 0 0 1 0 0 0 0 0
197 3 0 0 2 0 0 0 0 0
213 3 0 0 1 0 0 0 0 0
227 3 1 1 1 0 0 0 0 0
234 2 1 1 1 0 0 0 0 0
fl=/build/buildd/eglibc-2.15/elf/rtld.c
fn=_dl_initial_error_catch_tsd
804 22 0 0 11 0 0 0 0 0
fn=_dl_start
291 69 4 4 1 0 0 1 0 0
303 2 1 1 0 0 0 1 1 1
304 2 0 0 0 0 0 1 0 0
305 2 0 0 0 0 0 1 1 1
306 2 0 0 0 0 0 1 0 0
307 2 0 0 0 0 0 1 0 0
328 5 0 0 0 0 0 1 1 1
332 1 0 0 0 0 0 1 0 0
338 4 1 1 0 0 0 1 0 0
347 4 0 0 0 0 0 0 0 0
350 2 0 0 1 1 0 1 1 0
354 2 1 0 1 0 0 0 0 0
367 4 0 0 0 0 0 0 0 0
368 9 1 1 0 0 0 6 1 1
386 5 1 1 0 0 0 1 1 1
412 1 0 0 0 0 0 1 1 1
415 3 0 0 1 1 1 1 0 0
543 3 1 1 1 0 0 0 0 0
548 24 2 2 9 0 0 0 0 0
550 1 0 0 1 1 1 0 0 0
575 9 0 0 7 1 0 0 0 0
fn=dl_main
725 2 0 0 1 0 0 1 0 0
729 5 1 1 1 1 0 1 0 0
892 44 0 0 0 0 0 0 0 0
896 12 1 1 0 0 0 7 1 1
902 1 0 0 0 0 0 0 0 0
904 2 0 0 0 0 0 0 0 0
905 1 0 0 0 0 0 0 0 0
911 1 0 0 0 0 0 0 0 0
915 2 0 0 0 0 0 1 0 0
918 2 1 1 0 0 0 1 1 1
922 2 0 0 0 0 0 1 0 0
923 2 1 1 0 0 0 1 0 0
928 2 0 0 0 0 0 1 1 1
931 2 0 0 0 0 0 1 1 1
938 3 0 0 1 0 0 0 0 0
1126 8 1 1 0 0 0 1 0 0
1128 2 0 0 0 0 0 0 0 0
1129 1 1 1 0 0 0 1 1 1
1130 1 0 0 0 0 0 1 0 0
1131 2 0 0 1 0 0 1 0 0
1135 3 0 0 0 0 0 1 0 0
1136 4 0 0 1 0 0 0 0 0
1157 1 0 0 0 0 0 1 0 0
1158 1 0 0 0 0 0 1 0 0
1160 1 0 0 0 0 0 1 0 0
1162 1 0 0 1 0 0 0 0 0
1165 35 2 2 2 0 0 0 0 0
1166 71 1 1 9 5 5 0 0 0
1170 3 1 1 1 0 0 1 0 0
1171 1 0 0 0 0 0 0 0 0
1175 3 1 1 2 0 0 1 0 0
1176 1 1 1 0 0 0 0 0 0
1184 1 0 0 0 0 0 1 1 1
1185 2 1 1 2 1 1 0 0 0
1187 2 0 0 0 0 0 1 0 0
1194 2 0 0 1 0 0 0 0 0
1212 1 0 0 0 0 0 0 0 0
1220 2 0 0 2 0 0 0 0 0
1221 10 1 1 3 1 1 0 0 0
1222 4 1 1 2 0 0 0 0 0
1223 1 0 0 0 0 0 1 0 0
1226 4 0 0 4 1 1 0 0 0
1227 4 0 0 2 0 0 0 0 0
1228 2 0 0 0 0 0 2 0 0
1229 6 0 0 3 0 0 0 0 0
1230 2 0 0 0 0 0 1 0 0
1247 3 2 1 1 1 0 0 0 0
1257 2 0 0 1 0 0 1 0 0
1258 1 0 0 0 0 0 0 0 0
1261 2 1 1 1 0 0 1 0 0
1262 2 0 0 1 0 0 1 0 0
1263 1 0 0 0 0 0 0 0 0
1268 3 0 0 1 1 1 0 0 0
1271 2 0 0 0 0 0 0 0 0
1273 2 0 0 0 0 0 0 0 0
1275 2 1 1 1 0 0 0 0 0
1288 3 0 0 1 0 0 0 0 0
1289 9 1 1 5 0 0 1 0 0
1294 1 0 0 0 0 0 1 0 0
1296 1 1 1 0 0 0 1 1 1
1297 1 0 0 0 0 0 1 0 0
1299 2 0 0 1 0 0 0 0 0
1300 2 0 0 0 0 0 1 0 0
1304 2 1 1 1 0 0 0 0 0
1306 2 0 0 0 0 0 0 0 0
1311 2 0 0 0 0 0 1 0 0
1314 2 0 0 1 0 0 0 0 0
1330 2 0 0 0 0 0 1 0 0
1334 2 0 0 1 0 0 0 0 0
1428 9 2 2 1 0 0 2 0 0
1433 2 0 0 1 0 0 1 0 0
1436 4 0 0 1 0 0 2 1 1
1438 1 0 0 0 0 0 1 0 0
1443 2 0 0 1 0 0 0 0 0
1446 4 2 2 2 0 0 1 0 0
1447 4 1 1 1 0 0 1 0 0
1448 2 0 0 0 0 0 1 0 0
1449 1 0 0 0 0 0 1 0 0
1450 1 0 0 1 0 0 0 0 0
1451 1 0 0 1 0 0 0 0 0
1456 2 0 0 1 0 0 0 0 0
1457 4 0 0 1 0 0 1 0 0
1461 1 1 1 1 0 0 0 0 0
1463 2 0 0 1 1 1 0 0 0
1464 1 0 0 0 0 0 1 0 0
1465 2 0 0 1 0 0 1 1 1
1469 1 0 0 0 0 0 0 0 0
1470 3 0 0 0 0 0 0 0 0
1471 4 1 1 1 1 1 0 0 0
1473 2 0 0 1 0 0 1 1 1
1474 2 0 0 1 0 0 1 0 0
1479 2 0 0 1 0 0 0 0 0
1484 3 1 1 1 0 0 0 0 0
1665 3 0 0 1 0 0 0 0 0
1668 2 0 0 1 0 0 1 0 0
1672 3 0 0 1 0 0 0 0 0
1677 2 1 1 1 0 0 1 0 0
1678 1 0 0 0 0 0 1 0 0
1682 3 0 0 1 0 0 0 0 0
1697 3 0 0 2 0 0 0 0 0
1699 1 0 0 0 0 0 0 0 0
1701 3 0 0 1 0 0 0 0 0
1708 11 2 2 0 0 0 3 0 0
1711 7 0 0 0 0 0 1 0 0
1714 12 0 0 0 0 0 2 0 0
1715 2 0 0 1 0 0 0 0 0
1716 3 1 1 1 0 0 0 0 0
1718 6 0 0 0 0 0 1 0 0
1720 4 0 0 0 0 0 0 0 0
1721 2 1 1 2 0 0 0 0 0
1722 3 0 0 0 0 0 1 0 0
1732 5 1 1 0 0 0 1 0 0
1809 4 0 0 2 0 0 0 0 0
1813 8 2 2 0 0 0 0 0 0
1814 1 0 0 0 0 0 0 0 0
1817 3 0 0 0 0 0 1 0 0
1818 1 0 0 1 0 0 0 0 0
1819 2 0 0 0 0 0 0 0 0
1820 2 0 0 0 0 0 0 0 0
1826 5 0 0 0 0 0 0 0 0
1827 7 1 1 1 0 0 1 0 0
1828 4 0 0 0 0 0 0 0 0
1830 2 0 0 1 1 0 0 0 0
1833 19 0 0 2 0 0 0 0 0
1834 28 1 1 14 0 0 0 0 0
1837 3 0 0 2 0 0 1 0 0
1838 3 0 0 1 0 0 0 0 0
1839 1 0 0 0 0 0 1 0 0
1841 15 1 1 0 0 0 0 0 0
1842 19 2 2 6 0 0 0 0 0
1852 1 0 0 0 0 0 1 0 0
1854 2 0 0 1 0 0 1 0 0
1855 3 0 0 1 0 0 0 0 0
1857 2 0 0 0 0 0 1 0 0
1859 4 0 0 1 0 0 0 0 0
1861 3 0 0 1 0 0 0 0 0
1862 1 0 0 1 0 0 0 0 0
1875 2 1 1 0 0 0 0 0 0
1876 2 0 0 0 0 0 1 0 0
1877 3 0 0 1 0 0 0 0 0
1879 2 0 0 1 0 0 0 0 0
1880 3 0 0 0 0 0 1 0 0
1888 5 0 0 1 0 0 1 0 0
1889 4 0 0 0 0 0 1 0 0
1890 4 1 1 0 0 0 1 0 0
1900 2 0 0 1 0 0 1 1 0
1901 2 0 0 0 0 0 0 0 0
1904 2 1 1 1 0 0 0 0 0
1907 1 0 0 0 0 0 1 0 0
1909 3 0 0 1 0 0 0 0 0
2137 3 0 0 1 0 0 0 0 0
2139 1 0 0 1 0 0 0 0 0
2193 2 1 1 0 0 0 1 0 0
2197 4 1 1 2 0 0 2 0 0
2201 2 0 0 1 0 0 1 0 0
2204 2 0 0 0 0 0 0 0 0
2212 2 0 0 0 0 0 0 0 0
2258 4 0 0 1 0 0 1 0 0
2265 1 0 0 1 0 0 0 0 0
2267 5 1 1 0 0 0 0 0 0
2268 5 0 0 1 0 0 1 0 0
2269 23 0 0 0 0 0 0 0 0
2271 21 0 0 14 2 0 0 0 0
2276 14 0 0 14 1 0 0 0 0
2278 16 1 1 0 0 0 0 0 0
2280 1 1 1 0 0 0 1 0 0
2281 1 0 0 1 0 0 0 0 0
2283 7 0 0 7 0 0 0 0 0
2285 21 0 0 0 0 0 0 0 0
2286 48 0 0 18 7 0 6 0 0
2290 18 0 0 9 2 0 0 0 0
2291 6 0 0 0 0 0 2 0 0
2293 4 0 0 0 0 0 0 0 0
2295 2 0 0 0 0 0 1 0 0
2301 2 0 0 1 0 0 0 0 0
2310 4 1 1 2 0 0 0 0 0
2311 1 0 0 1 0 0 0 0 0
2316 2 0 0 0 0 0 1 0 0
2320 2 0 0 1 0 0 0 0 0
2334 3 1 1 2 2 0 0 0 0
2336 4 0 0 1 0 0 0 0 0
2351 5 1 1 0 0 0 0 0 0
2353 1 0 0 1 0 0 0 0 0
2354 5 0 0 1 0 0 1 0 0
2355 4 0 0 0 0 0 0 0 0
2357 2 0 0 1 0 0 0 0 0
2365 1 0 0 0 0 0 1 0 0
2369 3 0 0 1 0 0 0 0 0
2389 3 0 0 0 0 0 1 0 0
2390 1 0 0 0 0 0 1 0 0
2391 1 0 0 0 0 0 1 0 0
2395 1 0 0 0 0 0 1 0 0
2400 8 0 0 7 1 0 0 0 0
fn=do_preload
810 6 1 1 0 0 0 3 0 0
812 1 1 1 0 0 0 1 0 0
816 1 0 0 0 0 0 1 0 0
817 1 0 0 0 0 0 1 0 0
818 1 0 0 0 0 0 1 0 0
820 1 0 0 1 0 0 0 0 0
822 6 0 0 0 0 0 1 0 0
823 2 0 0 1 0 0 0 0 0
833 3 0 0 1 0 0 0 0 0
837 5 1 1 4 0 0 0 0 0
fn=init_tls.part.3
722 1 0 0 0 0 0 1 0 0
735 3 0 0 1 0 0 1 0 0
738 1 0 0 0 0 0 1 0 0
739 4 0 0 0 0 0 1 0 0
746 1 0 0 0 0 0 1 0 0
750 2 1 1 1 1 1 0 0 0
751 2 0 0 0 0 0 0 0 0
752 17 1 1 1 0 0 0 0 0
753 7 0 0 7 0 0 0 0 0
754 14 0 0 7 3 0 0 0 0
758 8 0 0 0 0 0 2 0 0
760 2 0 0 0 0 0 0 0 0
762 3 0 0 0 0 0 0 0 0
765 1 0 0 0 0 0 1 0 0
772 2 0 0 0 0 0 1 0 0
773 2 1 1 0 0 0 0 0 0
779 2 0 0 1 0 0 1 0 0
787 7 1 1 0 0 0 2 0 0
791 1 0 0 0 0 0 1 0 0
794 3 0 0 2 0 0 0 0 0
fn=map_doit
631 2 1 1 0 0 0 1 0 0
633 8 1 1 3 0 0 2 0 0
635 2 0 0 2 0 0 0 0 0
fn=process_envvars
2561 9 2 2 0 0 0 6 1 1
2562 2 0 0 1 0 0 1 0 0
2564 1 0 0 0 0 0 0 0 0
2565 1 0 0 0 0 0 0 0 0
2569 7 0 0 1 0 0 1 1 1
2571 15 1 1 0 0 0 3 1 1
2575 103 0 0 21 0 0 0 0 0
2576 19 0 0 0 0 0 0 0 0
2578 4 0 0 0 0 0 0 0 0
2584 13 0 0 2 1 1 0 0 0
2607 6 2 2 0 0 0 1 0 0
2614 6 0 0 0 0 0 1 0 0
2616 2 0 0 0 0 0 1 1 1
2617 1 0 0 0 0 0 0 0 0
2660 6 1 1 0 0 0 1 0 0
2662 2 1 1 0 0 0 1 0 0
2663 1 0 0 0 0 0 0 0 0
2733 1 0 0 0 0 0 1 1 1
2737 3 1 1 1 0 0 0 0 0
2770 2 0 0 0 0 0 0 0 0
2792 8 0 0 7 0 0 0 0 0
fn=rtld_lock_default_lock_recursive
844 56 1 1 56 4 1 0 0 0
845 56 0 0 56 0 0 0 0 0
fn=rtld_lock_default_unlock_recursive
850 56 0 0 56 1 0 0 0 0
851 56 0 0 56 0 0 0 0 0
fn=security_init
857 2 1 1 0 0 0 1 0 0
859 1 0 0 1 0 0 0 0 0
861 1 0 0 0 0 0 1 0 0
867 3 0 0 1 0 0 0 0 0
869 1 1 1 1 0 0 0 0 0
872 1 0 0 0 0 0 1 0 0
874 1 0 0 0 0 0 1 0 0
880 1 0 0 0 0 0 1 0 0
881 3 0 0 2 0 0 0 0 0
fn=version_check_doit
663 2 1 1 0 0 0 1 0 0
665 6 0 0 2 0 0 1 0 0
669 2 0 0 2 0 0 0 0 0
fl=/build/buildd/eglibc-2.15/io/../sysdeps/unix/syscall-template.S
fn=__read_nocancel
82 986330 0 0 197266 0 0 0 0 0
fn=access
82 24 1 1 0 0 0 0 0 0
83 6 0 0 6 0 0 0 0 0
84 36 1 1 0 0 0 6 1 1
fn=close
82 24 1 1 0 0 0 0 0 0
83 6 0 0 6 0 0 0 0 0
fn=open
82 52 1 1 0 0 0 0 0 0
83 13 0 0 13 0 0 0 0 0
84 42 0 0 0 0 0 7 0 0
fn=read
82 394552 2 2 197266 0 0 0 0 0
83 5 0 0 5 0 0 0 0 0
fl=/build/buildd/eglibc-2.15/io/../sysdeps/unix/sysv/linux/wordsize-64/fxstat.c
fn=_fxstat
36 7 0 0 0 0 0 0 0 0
37 14 2 2 0 0 0 0 0 0
38 42 0 0 0 0 0 0 0 0
42 7 0 0 7 0 0 0 0 0
fl=/build/buildd/eglibc-2.15/io/../sysdeps/unix/sysv/linux/wordsize-64/xstat.c
fn=_xstat
36 4 0 0 0 0 0 0 0 0
37 8 1 1 0 0 0 0 0 0
38 36 0 0 3 0 0 3 0 0
42 1 0 0 1 0 0 0 0 0
fl=/build/buildd/eglibc-2.15/libio/filedoalloc.c
fn=_IO_file_doallocate
99 5 1 1 0 0 0 3 0 0
113 2 0 0 0 0 0 0 0 0
114 9 0 0 3 0 0 1 0 0
116 4 1 1 1 0 0 0 0 0
127 4 0 0 1 0 0 0 0 0
128 3 0 0 0 0 0 0 0 0
131 9 1 1 0 0 0 1 0 0
132 5 0 0 0 0 0 1 0 0
133 1 0 0 0 0 0 0 0 0
134 5 1 1 4 0 0 0 0 0
fl=/build/buildd/eglibc-2.15/libio/fileops.c
fn=_IO_file_read
1221 197266 1 1 0 0 0 0 0 0
1223 197266 0 0 197266 0 0 0 0 0
1224 591798 0 0 197266 0 0 0 0 0
1225 197266 0 0 0 0 0 0 0 0
fn=_IO_file_stat
1246 1 1 1 0 0 0 0 0 0
1248 3 0 0 1 0 0 0 0 0
fn=_IO_file_underflow@@GLIBC_2.2.5
558 789064 1 1 0 0 0 394532 0 0
566 591798 0 0 197266 0 0 0 0 0
572 591798 0 0 394532 0 0 0 0 0
575 394532 0 0 197266 0 0 0 0 0
578 3 1 1 1 0 0 0 0 0
583 4 0 0 1 0 0 1 0 0
588 394532 1 1 0 0 0 0 0 0
608 394532 1 1 0 0 0 197266 0 0
614 591798 0 0 197266 0 0 394532 0 0
615 197266 0 0 0 0 0 197266 0 0
616 394532 0 0 0 0 0 394532 0 0
617 197266 0 0 0 0 0 197266 0 0
619 986330 0 0 591798 3 3 197266 0 0
621 394532 0 0 0 0 0 0 0 0
628 197266 0 0 197266 0 0 0 0 0
631 591798 1 1 197266 0 0 0 0 0
633 394532 0 0 394532 625 17 0 0 0
634 789064 0 0 591798 0 0 0 0 0
fl=/build/buildd/eglibc-2.15/libio/genops.c
fn=_IO_doallocbuf
419 2 1 1 0 0 0 1 0 0
420 2 0 0 1 0 0 0 0 0
422 2 0 0 1 0 0 0 0 0
423 5 1 1 2 1 0 1 0 0
426 2 0 0 2 0 0 0 0 0
fn=_IO_setb
404 5 1 1 0 0 0 2 0 0
405 4 0 0 2 0 0 0 0 0
407 1 0 0 0 0 0 1 0 0
408 1 0 0 0 0 0 1 0 0
410 5 1 1 0 0 0 0 0 0
412 1 0 0 0 0 0 1 0 0
413 4 0 0 3 0 0 0 0 0
fn=_IO_switch_to_get_mode
187 394532 0 0 0 0 0 197266 0 0
188 591798 1 1 394532 0 0 0 0 0
191 591798 0 0 197266 0 0 0 0 0
195 394532 1 1 197266 0 0 197266 0 0
196 394532 0 0 197266 0 0 0 0 0
199 197266 0 0 0 0 0 197266 0 0
201 394532 0 0 0 0 0 394532 0 0
203 394532 0 0 0 0 0 197266 0 0
204 197266 0 0 0 0 0 0 0 0
205 394532 0 0 394532 0 0 0 0 0
fn=__underflow
335 394532 1 1 0 0 0 197266 0 0
337 986329 0 0 197266 4 3 1 0 0
343 591798 0 0 197266 0 0 0 0 0
346 789064 0 0 394532 0 0 0 0 0
348 591798 0 0 197266 0 0 0 0 0
354 394532 0 0 197266 4 4 0 0 0
359 394532 1 1 197266 0 0 0 0 0
361 789064 1 1 394532 4 3 0 0 0
362 197266 0 0 197266 0 0 0 0 0
fl=/build/buildd/eglibc-2.15/libio/iogetdelim.c
fn=getdelim
47 104000000 2 2 0 0 0 72000000 6 6
52 32000000 0 0 0 0 0 0 0 0
58 152000000 1 1 72000000 18 17 8000000 0 0
59 16000000 0 0 0 0 0 0 0 0
61 8000000 1 1 0 0 0 0 0 0
65 39999997 0 0 23999998 0 0 0 0 0
67 2 0 0 1 0 0 1 0 0
68 3 0 0 0 0 0 2 0 0
69 2 0 0 0 0 0 0 0 0
76 24000000 1 1 16000000 0 0 0 0 0
77 16000000 0 0 0 0 0 0 0 0
79 7816 1 1 0 0 0 1954 0 0
84 7816 1 1 3908 0 0 0 0 0
91 40976560 1 1 8195312 0 0 8195312 0 0
92 16390624 0 0 0 0 0 0 0 0
93 24000000 0 0 0 0 0 0 0 0
94 32781248 0 0 8195312 0 0 0 0 0
101 8195312 0 0 0 0 0 0 0 0
102 49171872 0 0 24585936 0 0 0 0 0
117 40976560 1 1 8195312 0 0 8195312 0 0
118 8195312 0 0 8195312 0 0 0 0 0
120 17171872 0 0 0 0 0 195312 0 0
122 585936 0 0 390624 0 0 0 0 0
123 195312 0 0 0 0 0 195312 0 0
124 32000000 0 0 16000000 0 0 8000000 0 0
130 72000000 0 0 56000000 0 0 0 0 0
fl=/build/buildd/eglibc-2.15/libio/libioP.h
fn=getdelim
984 16000000 1 1 0 0 0 0 0 0
985 88000000 0 0 32000000 0 0 16000000 0 0
fl=/build/buildd/eglibc-2.15/malloc/arena.c
fn=malloc_hook_ini
371 6 0 0 2 2 1 2 0 0
fn=ptmalloc_init.part.8
332 85 0 0 28 5 0 0 0 0
334 54 0 0 27 14 0 0 0 0
335 2 0 0 1 0 0 0 0 0
336 2 1 1 1 0 0 0 0 0
350 27 0 0 0 0 0 0 0 0
369 6 1 1 0 0 0 5 0 0
372 1 0 0 0 0 0 1 0 0
380 2 0 0 1 0 0 0 0 0
381 7 1 1 0 0 0 1 0 0
382 3 0 0 2 0 0 0 0 0
387 3 1 1 1 1 0 1 1 0
388 12 1 1 2 2 0 6 1 1
390 5 1 1 2 2 0 0 0 0
406 1 0 0 0 0 0 0 0 0
455 2 0 0 0 0 0 0 0 0
460 2 0 0 2 2 1 0 0 0
461 2 1 1 0 0 0 0 0 0
463 1 0 0 0 0 0 1 1 0
464 7 0 0 6 0 0 0 0 0
fl=/build/buildd/eglibc-2.15/malloc/hooks.c
fn=malloc_hook_ini
30 1 1 1 0 0 0 0 0 0
31 2 0 0 1 0 0 1 0 0
33 1 0 0 0 0 0 0 0 0
34 1 1 1 0 0 0 0 0 0
fl=/build/buildd/eglibc-2.15/malloc/malloc.c
fn=_int_free
3938 2670 2 2 0 0 0 1869 267 0
3951 801 0 0 267 0 0 0 0 0
3957 1068 0 0 0 0 0 0 0 0
3958 534 0 0 0 0 0 0 0 0
3968 534 0 0 0 0 0 0 0 0
3981 534 1 1 267 0 0 0 0 0
3992 1068 0 0 267 0 0 0 0 0
3993 801 0 0 267 0 0 0 0 0
4017 801 0 0 267 0 0 0 0 0
4020 801 1 1 534 0 0 0 0 0
4021 534 0 0 0 0 0 0 0 0
4022 534 0 0 0 0 0 0 0 0
4025 267 0 0 267 0 0 0 0 0
4026 534 0 0 0 0 0 0 0 0
4031 534 0 0 0 0 0 0 0 0
4036 534 1 1 0 0 0 0 0 0
4038 267 0 0 0 0 0 267 0 0
4040 1602 0 0 534 0 0 0 0 0
4042 534 0 0 0 0 0 0 0 0
4208 2136 1 1 1869 0 0 0 0 0
fn=_int_malloc
1912 254 0 0 0 0 0 0 0 0
1913 127 1 1 0 0 0 0 0 0
1914 381 0 0 0 0 0 254 32 32
1918 3 0 0 0 0 0 0 0 0
1922 2 1 1 0 0 0 1 0 0
1923 2 0 0 0 0 0 1 0 0
1925 3 0 0 0 0 0 1 1 1
2370 1680 1 1 672 670 6 672 0 0
2371 1008 1 1 0 0 0 0 0 0
2381 693 0 0 350 341 7 0 0 0
2394 35 1 1 14 0 0 0 0 0
2398 14 0 0 0 0 0 0 0 0
2400 49 1 1 0 0 0 7 0 0
2402 14 0 0 0 0 0 0 0 0
2414 21 0 0 0 0 0 0 0 0
2417 21 1 1 0 0 0 7 7 7
2421 35 0 0 14 0 0 7 0 0
2422 7 0 0 0 0 0 7 0 0
2424 14 0 0 7 0 0 7 0 0
2425 14 1 1 7 0 0 0 0 0
2426 14 0 0 0 0 0 7 0 0
2439 658 0 0 0 0 0 329 0 0
2448 3285 1 1 656 0 0 329 0 0
2454 656 0 0 328 0 0 0 0 0
2457 987 0 0 0 0 0 0 0 0
2507 1974 1 1 329 0 0 0 0 0
2515 329 0 0 329 0 0 0 0 0
2526 2303 0 0 658 0 0 329 0 0
2534 658 1 1 0 0 0 0 0 0
2535 1645 0 0 658 657 0 658 62 0
2537 1645 0 0 658 0 0 0 0 0
2539 124 0 0 124 0 0 0 0 0
2540 124 0 0 0 0 0 0 0 0
2553 534 0 0 0 0 0 0 0 0
2554 4 0 0 2 0 0 0 0 0
2557 925 2 2 0 0 0 0 0 0
2561 534 0 0 0 0 0 0 0 0
2563 2136 2 2 0 0 0 267 0 0
2565 534 0 0 0 0 0 0 0 0
2569 801 0 0 0 0 0 0 0 0
2577 267 0 0 267 0 0 0 0 0
2582 534 0 0 0 0 0 0 0 0
2583 658 0 0 329 328 0 0 0 0
2584 1 0 0 0 0 0 1 0 0
2585 987 0 0 329 0 0 329 0 0
2591 1312 1 1 329 0 0 0 0 0
2592 305 0 0 61 0 0 61 0 0
2594 1606 2 2 536 0 0 0 0 0
2625 2 1 1 0 0 0 0 0 0
2634 5 0 0 0 0 0 1 0 0
2653 1 1 1 0 0 0 0 0 0
2656 2 0 0 0 0 0 0 0 0
2657 4 0 0 2 0 0 0 0 0
2659 2 0 0 0 0 0 0 0 0
2660 4 1 1 2 0 0 2 0 0
2672 3 0 0 1 0 0 0 0 0
2677 2 0 0 2 0 0 0 0 0
2678 2 0 0 0 0 0 0 0 0
2686 534 0 0 0 0 0 0 0 0
2689 534 0 0 0 0 0 0 0 0
2695 1069 2 2 1 0 0 0 0 0
2696 268 1 1 0 0 0 268 0 0
2697 1072 0 0 0 0 0 268 268 268
2698 536 0 0 268 0 0 268 0 0
2709 536 0 0 268 0 0 0 0 0
2715 534 0 0 0 0 0 0 0 0
2716 801 0 0 0 0 0 267 0 0
2724 267 0 0 0 0 0 267 266 266
2727 267 0 0 0 0 0 267 0 0
2731 534 0 0 0 0 0 0 0 0
2732 2136 0 0 534 0 0 267 0 0
2742 658 1 1 329 0 0 0 0 0
2743 329 0 0 0 0 0 329 0 0
2748 658 1 1 329 0 0 0 0 0
2751 658 0 0 329 0 0 0 0 0
2752 329 0 0 0 0 0 0 0 0
2753 329 0 0 0 0 0 0 0 0
2754 329 0 0 0 0 0 329 0 0
2755 2632 0 0 0 0 0 329 0 0
2756 658 0 0 0 0 0 329 329 329
2758 329 0 0 0 0 0 0 0 0
3447 18000072 2 2 0 0 0 12000048 5 3
3477 16000064 0 0 0 0 0 0 0 0
3485 4000016 0 0 2000008 5 3 0 0 0
3486 3 0 0 0 0 0 0 0 0
3487 1 0 0 0 0 0 0 0 0
3488 1 1 1 1 0 0 0 0 0
3492 2 0 0 0 0 0 0 0 0
3521 4000016 1 1 0 0 0 0 0 0
3522 6000003 0 0 0 0 0 0 0 0
3523 4000002 0 0 0 0 0 0 0 0
3525 6000003 1 1 2000001 1 0 0 0 0
3562 161 4 4 0 0 0 0 0 0
3563 28 0 0 7 0 0 0 0 0
3583 10002171 1 1 2000541 5 3 0 0 0
3584 267 0 0 267 0 0 0 0 0
3585 801 1 1 267 0 0 0 0 0
3586 534 0 0 267 0 0 0 0 0
3589 267 0 0 0 0 0 0 0 0
3599 1066 0 0 0 0 0 0 0 0
3600 532 0 0 0 0 0 0 0 0
3601 266 1 1 266 0 0 0 0 0
3602 4000016 1 1 0 0 0 2000008 0 0
3629 267 0 0 0 0 0 267 0 0
3630 267 0 0 0 0 0 267 0 0
3634 534 0 0 0 0 0 0 0 0
3647 534 1 1 0 0 0 0 0 0
3648 534 0 0 0 0 0 0 0 0
3649 801 0 0 0 0 0 0 0 0
3650 267 0 0 267 266 1 0 0 0
3695 2001610 0 0 267 0 0 0 0 0
3696 267 0 0 0 0 0 267 0 0
3697 267 0 0 0 0 0 267 0 0
3698 267 0 0 0 0 0 267 265 0
3699 267 0 0 0 0 0 267 0 0
3702 534 0 0 0 0 0 0 0 0
3711 4000548 1 1 0 0 0 0 0 0
3712 14 1 1 0 0 0 0 0 0
3715 21 0 0 7 5 3 0 0 0
3782 2000274 0 0 0 0 0 0 0 0
3783 4000548 0 0 0 0 0 0 0 0
3784 4000548 0 0 0 0 0 0 0 0
3785 6000822 0 0 2000274 6 3 0 0 0
3786 6000822 0 0 0 0 0 0 0 0
3791 10001370 0 0 0 0 0 0 0 0
3793 24003225 1 1 0 0 0 0 0 0
3795 24003204 0 0 6000801 0 0 0 0 0
3891 2000274 1 1 2000274 5 3 0 0 0
3892 6000822 0 0 2000274 0 0 0 0 0
3894 4000548 0 0 2000274 0 0 0 0 0
3895 1999672 0 0 0 0 0 0 0 0
3896 1999672 0 0 0 0 0 0 0 0
3897 1999672 0 0 0 0 0 1999672 0 0
3898 19996720 1 1 0 0 0 1999672 0 0
3900 5999016 0 0 0 0 0 1999672 1999672 1999672
3903 1999672 0 0 0 0 0 0 0 0
3904 5999016 1 1 1999672 0 0 0 0 0
3911 1806 1 1 602 0 0 0 0 0
3914 532 1 1 0 0 0 0 0 0
3915 8000298 1 1 266 0 0 2000008 0 0
3917 48000192 1 1 0 0 0 18000072 5 3
3925 2688 1 1 336 6 4 0 0 0
3926 1 0 0 0 0 0 0 0 0
3930 18000072 0 0 14000056 0 0 0 0 0
4247 2670 1 1 801 0 0 800 266 0
fn=malloc
2910 12000054 1 1 0 0 0 8000036 2 0
2915 4000018 1 1 4000018 13 6 0 0 0
2916 4000018 0 0 0 0 0 0 0 0
2917 2 1 1 1 0 0 0 0 0
2919 4000016 0 0 4000016 10 6 0 0 0
2921 18000072 1 1 4000016 3 0 0 0 0
2924 8000032 0 0 0 0 0 2000008 0 0
2925 4000016 0 0 0 0 0 0 0 0
2945 8000032 0 0 4000016 0 0 0 0 0
2946 16000029 1 1 2000008 0 0 0 0 0
2949 14000061 1 1 10000044 0 0 0 0 0
fn=malloc_consolidate.part.3
4224 4806 1 1 0 0 0 1602 0 0
4248 801 1 1 534 0 0 0 0 0
4250 267 0 0 0 0 0 0 0 0
4260 267 0 0 0 0 0 0 0 0
4261 534 0 0 0 0 0 0 0 0
4263 5340 0 0 5340 0 0 0 0 0
4264 7743 0 0 0 0 0 0 0 0
4267 267 0 0 267 0 0 0 0 0
4270 801 2 2 267 267 0 0 0 0
4271 267 0 0 0 0 0 0 0 0
4272 534 1 1 267 266 0 0 0 0
4274 534 0 0 0 0 0 0 0 0
4281 534 0 0 267 0 0 0 0 0
4284 534 0 0 267 0 0 0 0 0
4288 534 0 0 267 0 0 0 0 0
4290 267 1 1 267 0 0 0 0 0
4291 267 0 0 0 0 0 267 0 0
4292 267 0 0 0 0 0 267 0 0
4294 534 0 0 0 0 0 0 0 0
4299 801 0 0 0 0 0 267 0 0
4300 267 0 0 0 0 0 267 0 0
4301 267 0 0 0 0 0 267 0 0
4302 267 0 0 0 0 0 267 0 0
4311 534 0 0 0 0 0 0 0 0
4314 8010 1 1 0 0 0 0 0 0
4320 2136 0 0 1869 0 0 0 0 0
fl=/build/buildd/eglibc-2.15/malloc/morecore.c
fn=__default_morecore
48 330 1 1 0 0 0 0 0 0
49 330 0 0 0 0 0 330 0 0
51 990 0 0 0 0 0 0 0 0
53 660 0 0 330 0 0 0 0 0
fl=/build/buildd/eglibc-2.15/math/../sysdeps/x86_64/fpu/multiarch/e_asin.c
fn=__acos_finite
10 7 2 2 4 0 0 1 0 0
fn=__asin_finite
14 7 1 1 4 0 0 1 0 0
fl=/build/buildd/eglibc-2.15/math/../sysdeps/x86_64/fpu/multiarch/e_atan2.c
fn=__atan2_finite
15 1 1 1 0 0 0 0 0 0
fl=/build/buildd/eglibc-2.15/math/../sysdeps/x86_64/fpu/multiarch/e_exp.c
fn=__exp_finite
15 10 1 1 4 0 0 1 0 0
fl=/build/buildd/eglibc-2.15/math/../sysdeps/x86_64/fpu/multiarch/e_log.c
fn=__log_finite
15 1 1 1 0 0 0 0 0 0
fl=/build/buildd/eglibc-2.15/math/../sysdeps/x86_64/fpu/multiarch/e_pow.c
fn=__pow_finite
8 7 1 1 4 0 0 1 0 0
fl=/build/buildd/eglibc-2.15/math/../sysdeps/x86_64/fpu/multiarch/s_floor.S
fn=floor
26 1 1 1 0 0 0 1 0 0
27 1 0 0 0 0 0 0 0 0
28 1 0 0 0 0 0 0 0 0
29 1 0 0 1 0 0 0 0 0
30 1 0 0 0 0 0 0 0 0
32 1 0 0 1 0 0 0 0 0
fl=/build/buildd/eglibc-2.15/math/../sysdeps/x86_64/fpu/multiarch/s_floorf.S
fn=floorf
26 1 1 1 0 0 0 1 0 0
27 1 0 0 0 0 0 0 0 0
28 1 0 0 0 0 0 0 0 0
29 1 0 0 1 0 0 0 0 0
30 1 0 0 0 0 0 0 0 0
32 1 0 0 1 0 0 0 0 0
fl=/build/buildd/eglibc-2.15/math/../sysdeps/x86_64/fpu/multiarch/s_rint.S
fn=rint
26 1 1 1 0 0 0 1 0 0
27 1 0 0 0 0 0 0 0 0
28 1 0 0 0 0 0 0 0 0
29 1 0 0 1 0 0 0 0 0
30 1 0 0 0 0 0 0 0 0
32 1 0 0 1 0 0 0 0 0
fl=/build/buildd/eglibc-2.15/math/../sysdeps/x86_64/fpu/multiarch/s_rintf.S
fn=rintf
26 1 1 1 0 0 0 1 0 0
27 1 0 0 0 0 0 0 0 0
28 1 0 0 0 0 0 0 0 0
29 1 0 0 1 0 0 0 0 0
30 1 0 0 0 0 0 0 0 0
32 1 0 0 1 0 0 0 0 0
fl=/build/buildd/eglibc-2.15/math/../sysdeps/x86_64/fpu/multiarch/s_sin.c
fn=cos
20 10 2 2 4 0 0 1 0 0
fn=sin
24 1 0 0 0 0 0 0 0 0
fl=/build/buildd/eglibc-2.15/misc/../sysdeps/unix/syscall-template.S
fn=mmap
82 1465 3 3 0 0 0 0 0 0
83 293 0 0 293 0 0 0 0 0
fn=mprotect
82 48 1 1 0 0 0 0 0 0
83 12 0 0 12 0 0 0 0 0
fn=munmap
82 4 0 0 0 0 0 0 0 0
83 1 0 0 1 0 0 0 0 0
fl=/build/buildd/eglibc-2.15/misc/../sysdeps/unix/sysv/linux/x86_64/brk.c
fn=brk
29 330 1 1 0 0 0 0 0 0
32 2310 0 0 330 0 0 330 0 0
34 660 0 0 0 0 0 0 0 0
36 534 1 1 267 0 0 267 0 0
37 267 0 0 0 0 0 0 0 0
40 330 0 0 0 0 0 0 0 0
41 330 0 0 330 0 0 0 0 0
fl=/build/buildd/eglibc-2.15/misc/init-misc.c
fn=__init_misc
31 4 1 1 0 0 0 2 0 0
32 5 1 1 1 0 0 0 0 0
34 3 0 0 0 0 0 1 0 0
38 5 0 0 1 1 0 1 1 0
39 3 0 0 2 0 0 1 0 0
41 4 1 1 3 0 0 0 0 0
fl=/build/buildd/eglibc-2.15/misc/sbrk.c
fn=sbrk
35 1650 1 1 0 0 0 990 0 0
43 2307 0 0 989 987 1 0 0 0
44 6 2 2 1 0 0 1 0 0
45 1 0 0 0 0 0 0 0 0
47 660 0 0 0 0 0 0 0 0
51 1316 0 0 0 0 0 0 0 0
54 329 0 0 0 0 0 329 0 0
55 987 0 0 0 0 0 0 0 0
58 1980 0 0 1320 0 0 0 0 0
fl=/build/buildd/eglibc-2.15/nptl/../nptl/sysdeps/unix/sysv/linux/register-atfork.c
fn=__linkin_atfork
117 2 1 1 1 1 1 1 0 0
118 2 0 0 0 0 0 0 0 0
119 4 0 0 2 1 0 0 0 0
120 1 0 0 1 0 0 0 0 0
fl=/build/buildd/eglibc-2.15/posix/../sysdeps/unix/syscall-template.S
fn=uname
82 4 1 1 0 0 0 0 0 0
83 1 0 0 1 0 0 0 0 0
fl=/build/buildd/eglibc-2.15/posix/../sysdeps/unix/sysv/linux/times.c
fn=times
26 7 1 1 0 0 0 0 0 0
28 21 0 0 0 0 0 0 0 0
29 14 0 0 0 0 0 0 0 0
55 21 0 0 0 0 0 0 0 0
58 7 0 0 7 0 0 0 0 0
fl=/build/buildd/eglibc-2.15/setjmp/../sysdeps/x86_64/bsd-_setjmp.S
fn=_setjmp
34 1 1 1 0 0 0 0 0 0
36 1 0 0 0 0 0 0 0 0
fl=/build/buildd/eglibc-2.15/setjmp/../sysdeps/x86_64/setjmp.S
fn=__sigsetjmp
26 11 2 2 0 0 0 11 0 0
28 11 0 0 0 0 0 0 0 0
29 22 0 0 11 0 0 0 0 0
30 11 0 0 0 0 0 11 0 0
34 11 0 0 0 0 0 11 0 0
35 11 0 0 0 0 0 11 1 1
36 11 0 0 0 0 0 11 0 0
37 11 0 0 0 0 0 11 0 0
38 11 0 0 0 0 0 0 0 0
40 22 1 1 11 0 0 0 0 0
42 11 0 0 0 0 0 11 0 0
43 11 0 0 11 0 0 0 0 0
45 22 1 1 11 0 0 0 0 0
47 11 0 0 0 0 0 11 0 0
51 10 0 0 0 0 0 0 0 0
52 10 0 0 10 0 0 0 0 0
56 1 0 0 0 0 0 0 0 0
fl=/build/buildd/eglibc-2.15/setjmp/sigjmp.c
fn=__sigjmp_save
29 2 0 0 0 0 0 1 0 0
30 4 0 0 0 0 0 1 0 0
35 3 0 0 2 0 0 0 0 0
fl=/build/buildd/eglibc-2.15/stdlib/../stdlib/strtol.c
fn=strtol
110 4 1 1 2 2 0 0 0 0
fl=/build/buildd/eglibc-2.15/stdlib/../stdlib/strtol_l.c
fn=____strtol_l_internal
232 9 1 1 0 0 0 6 0 0
246 1 0 0 1 1 0 0 0 0
252 1 0 0 0 0 0 0 0 0
258 2 0 0 0 0 0 0 0 0
279 1 0 0 0 0 0 0 0 0
280 1 0 0 0 0 0 0 0 0
289 8 1 1 0 0 0 0 0 0
298 7 0 0 3 3 1 0 0 0
300 2 1 1 0 0 0 0 0 0
304 1 0 0 0 0 0 1 0 0
305 2 0 0 0 0 0 0 0 0
310 2 0 0 0 0 0 0 0 0
314 2 0 0 0 0 0 0 0 0
324 2 0 0 0 0 0 0 0 0
331 2 1 1 0 0 0 0 0 0
334 4 1 1 0 0 0 0 0 0
376 2 0 0 0 0 0 0 0 0
379 3 0 0 1 1 1 0 0 0
380 3 0 0 1 1 1 1 0 0
438 7 0 0 1 0 0 0 0 0
440 5 1 1 0 0 0 0 0 0
442 3 0 0 0 0 0 0 0 0
456 3 0 0 0 0 0 1 0 0
470 3 1 1 0 0 0 0 0 0
473 4 1 1 0 0 0 0 0 0
478 2 0 0 0 0 0 0 0 0
479 3 0 0 0 0 0 0 0 0
484 2 0 0 0 0 0 0 0 0
489 2 1 1 0 0 0 0 0 0
495 2 0 0 0 0 0 0 0 0
496 2 0 0 0 0 0 0 0 0
498 4 0 0 1 0 0 0 0 0
513 6 0 0 1 0 0 0 0 0
531 8 0 0 7 0 0 0 0 0
fl=/build/buildd/eglibc-2.15/stdlib/bsearch.c
fn=bsearch
27 286 3 3 0 0 0 182 1 1
34 466 0 0 0 0 0 0 0 0
36 348 0 0 0 0 0 0 0 0
37 696 1 1 0 0 0 174 0 0
38 522 1 1 174 0 0 174 0 0
39 348 0 0 0 0 0 0 0 0
40 122 0 0 0 0 0 0 0 0
41 52 0 0 0 0 0 0 0 0
42 46 0 0 0 0 0 0 0 0
47 46 1 1 0 0 0 46 0 0
48 234 0 0 208 0 0 0 0 0
fl=/build/buildd/eglibc-2.15/stdlib/cxa_atexit.c
fn=__cxa_atexit
35 8 0 0 0 0 0 4 0 0
37 8 0 0 0 0 0 0 0 0
41 8 1 1 4 0 0 0 0 0
43 4 0 0 0 0 0 4 0 0
44 4 0 0 0 0 0 4 2 0
45 4 0 0 0 0 0 4 0 0
47 4 0 0 0 0 0 4 0 0
48 4 0 0 0 0 0 0 0 0
57 28 1 1 0 0 0 12 0 0
59 20 0 0 16 0 0 0 0 0
fn=__new_exitfn
73 16 1 1 0 0 0 8 0 0
79 24 1 1 8 2 1 0 0 0
81 28 1 1 5 1 0 0 0 0
83 12 1 1 4 1 0 0 0 0
84 15 0 0 3 0 0 0 0 0
91 1 0 0 0 0 0 1 0 0
94 8 1 1 0 0 0 0 0 0
98 2 0 0 0 0 0 0 0 0
112 1 0 0 0 0 0 0 0 0
113 2 0 0 0 0 0 1 0 0
119 9 0 0 0 0 0 0 0 0
120 6 0 0 0 0 0 3 0 0
126 4 1 1 0 0 0 4 0 0
127 4 0 0 4 1 1 0 0 0
130 16 0 0 8 0 0 0 0 0
133 20 0 0 12 0 0 0 0 0
fl=/build/buildd/eglibc-2.15/stdlib/rand.c
fn=rand
27 4000000 1 1 0 0 0 0 0 0
28 4000000 0 0 0 0 0 4000000 0 0
29 8000000 0 0 4000000 0 0 0 0 0
fl=/build/buildd/eglibc-2.15/stdlib/random.c
fn=random
293 4000000 1 1 0 0 0 0 0 0
296 24000000 1 1 8000000 4 4 0 0 0
298 12000000 0 0 0 0 0 4000000 0 0
300 16000000 0 0 8000000 0 0 0 0 0
302 4000000 0 0 4000000 0 0 0 0 0
303 8000000 0 0 4000000 0 0 0 0 0
fl=/build/buildd/eglibc-2.15/stdlib/random_r.c
fn=random_r
367 16000000 1 1 0 0 0 0 0 0
370 11870968 2 2 4000000 0 0 0 0 0
372 12000000 0 0 4000000 4 4 0 0 0
381 4000000 0 0 4000000 0 0 0 0 0
382 4000000 0 0 4000000 0 0 0 0 0
383 4000000 0 0 4000000 4 4 0 0 0
386 12000000 0 0 8000000 12 12 4000000 0 0
388 8000000 0 0 0 0 0 4000000 0 0
389 4000000 0 0 0 0 0 0 0 0
390 8000000 0 0 0 0 0 0 0 0
393 4000000 0 0 0 0 0 0 0 0
401 4129032 0 0 129032 0 0 4000000 0 0
402 4000000 0 0 0 0 0 4000000 0 0
404 7870968 0 0 3870968 0 0 0 0 0
fl=/build/buildd/eglibc-2.15/string/../string/memcmp.c
fn=bcmp
112 25 0 0 25 0 0 0 0 0
113 50 0 0 25 0 0 0 0 0
117 60 0 0 0 0 0 0 0 0
136 35 1 1 0 0 0 0 0 0
140 5 0 0 5 1 1 0 0 0
141 5 0 0 5 0 0 0 0 0
144 15 0 0 0 0 0 0 0 0
190 5 0 0 5 0 0 0 0 0
191 5 0 0 5 0 0 0 0 0
192 40 1 1 0 0 0 10 1 1
228 3 0 0 0 0 0 0 0 0
229 6 0 0 0 0 0 0 0 0
233 6 0 0 0 0 0 0 0 0
235 18 1 1 0 0 0 0 0 0
239 2 0 0 2 0 0 0 0 0
240 2 0 0 2 0 0 0 0 0
241 2 0 0 2 0 0 0 0 0
242 2 0 0 0 0 0 0 0 0
244 4 0 0 0 0 0 0 0 0
262 1 0 0 1 0 0 0 0 0
263 1 1 1 1 0 0 0 0 0
264 1 0 0 1 0 0 0 0 0
268 2 1 1 0 0 0 0 0 0
296 2 0 0 2 0 0 0 0 0
297 2 0 0 2 0 0 0 0 0
298 12 0 0 0 0 0 0 0 0
299 4 0 0 0 0 0 0 0 0
306 4 1 1 0 0 0 0 0 0
311 18 1 1 0 0 0 0 0 0
312 6 0 0 0 0 0 0 0 0
318 42 0 0 0 0 0 0 0 0
322 132 1 1 0 0 0 132 1 1
329 44 0 0 0 0 0 0 0 0
333 47 0 0 0 0 0 0 0 0
335 5 0 0 5 1 1 0 0 0
336 5 1 1 5 0 0 0 0 0
337 5 0 0 0 0 0 0 0 0
338 6 0 0 0 0 0 0 0 0
340 10 0 0 0 0 0 0 0 0
342 5 0 0 0 0 0 0 0 0
349 24 1 1 0 0 0 0 0 0
350 10 0 0 0 0 0 0 0 0
352 6 1 1 0 0 0 0 0 0
353 10 0 0 0 0 0 0 0 0
357 9 0 0 0 0 0 0 0 0
358 3 0 0 0 0 0 0 0 0
359 3 0 0 0 0 0 0 0 0
363 258 1 1 0 0 0 0 0 0
365 113 0 0 113 2 2 0 0 0
366 113 0 0 113 5 5 0 0 0
369 98 0 0 0 0 0 0 0 0
370 226 0 0 0 0 0 0 0 0
375 31 1 1 0 0 0 0 0 0
376 154 0 0 154 0 0 0 0 0
fl=/build/buildd/eglibc-2.15/string/../string/memmove.c
fn=memmove
45 4 0 0 0 0 0 0 0 0
49 24 1 1 0 0 0 16 0 0
50 4 0 0 0 0 0 0 0 0
51 4 0 0 0 0 0 0 0 0
55 16 0 0 0 0 0 0 0 0
60 12 0 0 0 0 0 0 0 0
63 10 1 1 0 0 0 0 0 0
64 4 0 0 0 0 0 0 0 0
76 28 1 1 0 0 0 2 0 0
82 33 0 0 5 0 0 5 0 0
112 28 1 1 20 0 0 0 0 0
fl=/build/buildd/eglibc-2.15/string/../sysdeps/x86_64/memchr.S
fn=memchr
26 8195312 1 1 0 0 0 0 0 0
27 8195312 0 0 0 0 0 0 0 0
29 8195312 0 0 0 0 0 0 0 0
30 8195312 0 0 0 0 0 0 0 0
31 8195312 1 1 0 0 0 0 0 0
32 8195312 0 0 0 0 0 0 0 0
34 8195312 0 0 0 0 0 0 0 0
35 8195312 0 0 0 0 0 0 0 0
37 8195312 0 0 0 0 0 0 0 0
38 8195312 0 0 0 0 0 0 0 0
40 6320312 0 0 6320312 3 3 0 0 0
41 6320312 0 0 0 0 0 0 0 0
42 6320312 0 0 0 0 0 0 0 0
43 6320312 0 0 0 0 0 0 0 0
45 6320312 0 0 0 0 0 0 0 0
46 6289062 0 0 0 0 0 0 0 0
47 6289062 0 0 0 0 0 0 0 0
48 6287109 0 0 0 0 0 0 0 0
49 6287109 0 0 0 0 0 0 0 0
50 6287109 1 1 0 0 0 0 0 0
51 6287109 0 0 0 0 0 0 0 0
52 6287109 0 0 0 0 0 0 0 0
53 6287109 0 0 0 0 0 0 0 0
54 6191407 0 0 0 0 0 0 0 0
58 1875000 0 0 0 0 0 0 0 0
59 1875000 0 0 0 0 0 0 0 0
60 1875000 0 0 1875000 0 0 0 0 0
62 1875000 0 0 0 0 0 0 0 0
64 1875000 0 0 0 0 0 0 0 0
66 1875000 0 0 0 0 0 0 0 0
67 1875000 0 0 0 0 0 0 0 0
68 1875000 0 0 0 0 0 0 0 0
80 1875000 0 0 0 0 0 0 0 0
81 1875000 0 0 0 0 0 0 0 0
82 1875000 0 0 0 0 0 0 0 0
83 1845703 0 0 0 0 0 0 0 0
84 1845703 0 0 0 0 0 0 0 0
85 3662108 0 0 0 0 0 0 0 0
89 8007812 1 1 8007812 39 38 0 0 0
90 8007812 0 0 0 0 0 0 0 0
91 8007812 0 0 0 0 0 0 0 0
92 8007812 0 0 0 0 0 0 0 0
93 8007812 1 1 0 0 0 0 0 0
95 7976563 0 0 7976563 44 44 0 0 0
96 7976563 0 0 0 0 0 0 0 0
97 7976563 0 0 0 0 0 0 0 0
98 7976563 0 0 0 0 0 0 0 0
99 7976563 0 0 0 0 0 0 0 0
101 7945311 0 0 7945311 43 39 0 0 0
102 7945311 0 0 0 0 0 0 0 0
103 7945311 0 0 0 0 0 0 0 0
104 7945311 0 0 0 0 0 0 0 0
105 7945311 0 0 0 0 0 0 0 0
107 7914062 0 0 7914062 42 41 0 0 0
108 7914062 0 0 0 0 0 0 0 0
109 7914062 0 0 0 0 0 0 0 0
110 7914062 0 0 0 0 0 0 0 0
111 7914062 1 1 0 0 0 0 0 0
112 7914062 0 0 0 0 0 0 0 0
114 7882812 0 0 0 0 0 0 0 0
115 7882812 0 0 0 0 0 0 0 0
117 5945313 0 0 0 0 0 0 0 0
118 5945313 0 0 0 0 0 0 0 0
120 5851564 0 0 5851564 0 0 0 0 0
121 5851564 0 0 0 0 0 0 0 0
122 5851564 0 0 0 0 0 0 0 0
123 5851564 0 0 0 0 0 0 0 0
124 5851564 0 0 0 0 0 0 0 0
126 5820314 0 0 5820314 44 44 0 0 0
127 5820314 0 0 0 0 0 0 0 0
128 5820314 0 0 0 0 0 0 0 0
129 5820314 0 0 0 0 0 0 0 0
130 5820314 1 1 0 0 0 0 0 0
132 1453126 0 0 1453126 8 8 0 0 0
133 1453126 0 0 0 0 0 0 0 0
134 1453126 0 0 0 0 0 0 0 0
135 1453126 0 0 0 0 0 0 0 0
136 1453126 0 0 0 0 0 0 0 0
153 1937499 1 1 0 0 0 0 0 0
154 1937499 0 0 0 0 0 0 0 0
155 1906250 0 0 1906250 38 38 0 0 0
156 1906250 0 0 1906250 0 0 0 0 0
157 1906250 0 0 1906250 0 0 0 0 0
158 1906250 0 0 1906250 0 0 0 0 0
160 1906250 0 0 0 0 0 0 0 0
161 1906250 0 0 0 0 0 0 0 0
162 1906250 0 0 0 0 0 0 0 0
163 1906250 0 0 0 0 0 0 0 0
165 1906250 0 0 0 0 0 0 0 0
166 1906250 0 0 0 0 0 0 0 0
167 1906250 0 0 0 0 0 0 0 0
168 1906250 0 0 0 0 0 0 0 0
170 1906250 1 1 0 0 0 0 0 0
172 1906250 0 0 0 0 0 0 0 0
173 1906250 0 0 0 0 0 0 0 0
175 1906250 0 0 0 0 0 0 0 0
177 1906250 0 0 0 0 0 0 0 0
178 1906250 0 0 0 0 0 0 0 0
179 1906250 0 0 0 0 0 0 0 0
181 1906250 0 0 0 0 0 0 0 0
182 1906250 0 0 0 0 0 0 0 0
183 1906250 0 0 0 0 0 0 0 0
185 476562 0 0 476562 0 0 0 0 0
186 476562 0 0 0 0 0 0 0 0
188 476562 0 0 476562 0 0 0 0 0
189 476562 0 0 0 0 0 0 0 0
190 476562 0 0 0 0 0 0 0 0
191 476562 0 0 0 0 0 0 0 0
200 249998 1 1 0 0 0 0 0 0
201 249998 0 0 0 0 0 0 0 0
203 124999 0 0 124999 1 1 0 0 0
204 124999 0 0 0 0 0 0 0 0
205 124999 0 0 0 0 0 0 0 0
206 124999 0 0 0 0 0 0 0 0
207 124999 0 0 0 0 0 0 0 0
209 124999 0 0 124999 0 0 0 0 0
210 124999 0 0 0 0 0 0 0 0
211 124999 0 0 0 0 0 0 0 0
212 124999 0 0 0 0 0 0 0 0
213 124999 0 0 0 0 0 0 0 0
215 78125 1 1 78125 0 0 0 0 0
216 78125 0 0 0 0 0 0 0 0
217 78125 0 0 0 0 0 0 0 0
218 78125 0 0 0 0 0 0 0 0
219 78125 0 0 0 0 0 0 0 0
220 62501 0 0 0 0 0 0 0 0
221 62501 0 0 0 0 0 0 0 0
223 31251 0 0 31251 0 0 0 0 0
224 31251 0 0 0 0 0 0 0 0
225 31251 0 0 0 0 0 0 0 0
226 31251 0 0 0 0 0 0 0 0
227 31251 0 0 0 0 0 0 0 0
228 31251 0 0 31251 0 0 0 0 0
232 124999 1 1 0 0 0 0 0 0
233 124999 0 0 124999 0 0 0 0 0
234 124999 0 0 0 0 0 0 0 0
235 124999 0 0 0 0 0 0 0 0
236 124999 0 0 0 0 0 0 0 0
237 124999 0 0 0 0 0 0 0 0
238 124999 0 0 0 0 0 0 0 0
239 124999 0 0 0 0 0 0 0 0
241 62501 0 0 62501 0 0 0 0 0
242 62501 0 0 0 0 0 0 0 0
243 62501 0 0 0 0 0 0 0 0
244 62501 0 0 0 0 0 0 0 0
245 39063 0 0 0 0 0 0 0 0
246 39063 0 0 39063 0 0 0 0 0
250 31250 0 0 0 0 0 0 0 0
251 31250 0 0 0 0 0 0 0 0
252 31250 0 0 31250 0 0 0 0 0
256 62499 0 0 0 0 0 0 0 0
257 62499 0 0 0 0 0 0 0 0
258 62499 0 0 62499 0 0 0 0 0
262 5875002 1 1 0 0 0 0 0 0
263 5875002 0 0 0 0 0 0 0 0
264 5875002 0 0 5875002 0 0 0 0 0
268 1960937 0 0 0 0 0 0 0 0
269 1960937 0 0 0 0 0 0 0 0
270 1960937 0 0 1960937 0 0 0 0 0
274 31250 0 0 0 0 0 0 0 0
275 31250 0 0 0 0 0 0 0 0
276 31250 0 0 0 0 0 0 0 0
277 31250 0 0 0 0 0 0 0 0
278 31250 0 0 31250 0 0 0 0 0
282 23438 0 0 0 0 0 0 0 0
283 23438 0 0 0 0 0 0 0 0
284 23438 0 0 0 0 0 0 0 0
285 23438 0 0 0 0 0 0 0 0
286 23438 0 0 23438 0 0 0 0 0
290 15624 0 0 0 0 0 0 0 0
291 15624 0 0 0 0 0 0 0 0
292 15624 0 0 0 0 0 0 0 0
293 15624 0 0 0 0 0 0 0 0
294 15624 0 0 15624 0 0 0 0 0
306 124998 1 1 0 0 0 0 0 0
307 124998 0 0 124998 0 0 0 0 0
fl=/build/buildd/eglibc-2.15/string/../sysdeps/x86_64/memcpy.S
fn=mempcpy
62 28 1 1 0 0 0 0 0 0
66 28 0 0 0 0 0 0 0 0
69 26 0 0 0 0 0 0 0 0
70 26 0 0 0 0 0 0 0 0
72 13 0 0 13 1 1 0 0 0
73 13 0 0 0 0 0 13 1 1
75 13 1 1 0 0 0 0 0 0
76 13 0 0 0 0 0 0 0 0
81 26 0 0 0 0 0 0 0 0
82 26 0 0 0 0 0 0 0 0
84 16 0 0 16 0 0 0 0 0
85 16 0 0 0 0 0 16 0 0
87 16 0 0 0 0 0 0 0 0
88 16 0 0 0 0 0 0 0 0
93 26 0 0 0 0 0 0 0 0
94 26 0 0 0 0 0 0 0 0
96 14 0 0 14 0 0 0 0 0
97 14 0 0 0 0 0 14 0 0
99 14 0 0 0 0 0 0 0 0
100 14 0 0 0 0 0 0 0 0
105 26 0 0 0 0 0 0 0 0
106 26 0 0 0 0 0 0 0 0
108 14 0 0 14 0 0 0 0 0
109 14 0 0 0 0 0 14 1 1
111 14 0 0 0 0 0 0 0 0
112 28 0 0 0 0 0 0 0 0
117 26 1 1 0 0 0 0 0 0
118 28 0 0 0 0 0 0 0 0
123 2 0 0 2 1 0 0 0 0
124 2 0 0 2 0 0 0 0 0
125 2 0 0 0 0 0 2 2 2
126 2 0 0 0 0 0 2 0 0
128 2 0 0 0 0 0 0 0 0
130 2 0 0 0 0 0 0 0 0
131 2 0 0 0 0 0 0 0 0
133 2 0 0 0 0 0 0 0 0
139 26 0 0 0 0 0 0 0 0
143 26 0 0 26 0 0 0 0 0
155 5 0 0 0 0 0 0 0 0
157 5 0 0 0 0 0 0 0 0
158 5 0 0 0 0 0 0 0 0
184 5 1 1 0 0 0 0 0 0
185 5 0 0 0 0 0 0 0 0
188 5 0 0 0 0 0 0 0 0
189 5 0 0 0 0 0 0 0 0
190 5 0 0 0 0 0 0 0 0
195 5 0 0 0 0 0 0 0 0
197 5 0 0 5 0 0 0 0 0
198 5 0 0 5 0 0 0 0 0
199 5 0 0 5 0 0 0 0 0
200 5 1 1 5 0 0 0 0 0
202 5 0 0 0 0 0 5 0 0
203 5 0 0 0 0 0 5 0 0
204 5 0 0 0 0 0 5 0 0
205 5 0 0 0 0 0 5 1 1
207 5 0 0 0 0 0 0 0 0
208 5 0 0 0 0 0 0 0 0
210 5 0 0 0 0 0 0 0 0
232 5 1 1 0 0 0 0 0 0
234 5 0 0 0 0 0 0 0 0
236 2 0 0 0 0 0 0 0 0
243 2 0 0 2 0 0 0 0 0
fl=/build/buildd/eglibc-2.15/string/../sysdeps/x86_64/multiarch/../cacheinfo.c
fn=handle_intel
307 32 4 4 0 0 0 24 0 0
308 8 0 0 0 0 0 0 0 0
313 4 0 0 0 0 0 0 0 0
319 4 0 0 0 0 0 0 0 0
321 4 0 0 0 0 0 4 0 0
322 4 0 0 0 0 0 4 0 0
324 4 0 0 0 0 0 0 0 0
330 16 0 0 0 0 0 0 0 0
335 8 0 0 0 0 0 0 0 0
337 4 2 2 0 0 0 0 0 0
338 8 0 0 0 0 0 0 0 0
342 20 2 2 0 0 0 4 0 0
343 8 0 0 0 0 0 0 0 0
346 20 0 0 0 0 0 4 0 0
347 8 0 0 0 0 0 0 0 0
350 10 0 0 0 0 0 2 0 0
351 4 0 0 0 0 0 0 0 0
354 10 0 0 0 0 0 2 0 0
355 4 0 0 0 0 0 0 0 0
364 32 2 2 28 0 0 0 0 0
fn=init_cacheinfo
552 6 2 2 0 0 0 6 0 0
565 6 0 0 2 1 1 0 0 0
566 3 1 1 1 0 0 1 0 0
572 4 0 0 0 0 0 0 0 0
574 8 1 1 2 0 0 2 0 0
577 2 0 0 0 0 0 0 0 0
578 8 1 1 2 0 0 2 0 0
580 4 1 1 0 0 0 0 0 0
591 2 0 0 2 0 0 0 0 0
609 8 0 0 2 0 0 0 0 0
616 34 0 0 0 0 0 0 0 0
622 16 1 1 0 0 0 0 0 0
625 40 1 1 0 0 0 0 0 0
627 2 0 0 0 0 0 0 0 0
633 12 0 0 0 0 0 0 0 0
640 18 0 0 0 0 0 0 0 0
642 4 0 0 0 0 0 0 0 0
644 16 1 1 0 0 0 0 0 0
646 8 1 1 0 0 0 0 0 0
651 2 0 0 0 0 0 0 0 0
653 8 0 0 0 0 0 0 0 0
654 4 0 0 0 0 0 0 0 0
659 2 0 0 0 0 0 0 0 0
671 8 0 0 0 0 0 0 0 0
672 14 2 2 0 0 0 0 0 0
746 4 0 0 0 0 0 0 0 0
748 6 0 0 0 0 0 2 0 0
749 2 1 1 0 0 0 2 2 2
751 2 0 0 0 0 0 0 0 0
752 6 0 0 0 0 0 2 0 0
753 2 1 1 0 0 0 2 1 1
756 4 0 0 0 0 0 0 0 0
758 6 0 0 0 0 0 2 0 0
759 2 0 0 0 0 0 2 2 2
761 2 0 0 0 0 0 0 0 0
762 6 0 0 0 0 0 2 0 0
763 2 0 0 0 0 0 2 0 0
765 8 0 0 8 0 0 0 0 0
fn=intel_02_known_compare
152 522 2 2 348 16 16 0 0 0
153 174 0 0 0 0 0 0 0 0
155 336 0 0 0 0 0 0 0 0
156 174 0 0 174 0 0 0 0 0
fn=intel_check_word
163 120 2 2 0 0 0 60 0 0
164 24 0 0 0 0 0 0 0 0
170 80 2 2 0 0 0 0 0 0
172 56 0 0 0 0 0 0 0 0
174 26 2 2 0 0 0 0 0 0
176 52 0 0 0 0 0 0 0 0
184 52 0 0 0 0 0 0 0 0
237 52 0 0 0 0 0 0 0 0
272 26 0 0 0 0 0 26 1 0
273 156 2 2 0 0 0 26 0 0
275 52 0 0 0 0 0 0 0 0
277 24 0 0 6 0 0 0 0 0
279 4 2 2 0 0 0 0 0 0
281 8 0 0 0 0 0 0 0 0
283 8 2 2 4 0 0 0 0 0
291 4 0 0 0 0 0 0 0 0
297 22 0 0 0 0 0 0 0 0
301 8 0 0 0 0 0 0 0 0
302 84 0 0 72 0 0 0 0 0
fl=/build/buildd/eglibc-2.15/string/../sysdeps/x86_64/multiarch/../memcpy.S
fn=__GI_memcpy
62 8195312 1 1 0 0 0 0 0 0
64 8195312 0 0 0 0 0 0 0 0
66 8195312 0 0 0 0 0 0 0 0
69 7171872 0 0 0 0 0 0 0 0
70 7171872 0 0 0 0 0 0 0 0
72 4031249 0 0 4031249 0 0 0 0 0
73 4031249 0 0 0 0 0 4031249 0 0
75 4031249 0 0 0 0 0 0 0 0
76 4031249 0 0 0 0 0 0 0 0
81 7171872 0 0 0 0 0 0 0 0
82 7171872 0 0 0 0 0 0 0 0
84 4031251 0 0 4031251 0 0 0 0 0
85 4031251 0 0 0 0 0 4031251 0 0
87 4031251 0 0 0 0 0 0 0 0
88 8062502 0 0 0 0 0 0 0 0
93 7171872 0 0 0 0 0 0 0 0
94 7171872 0 0 0 0 0 0 0 0
96 4031249 0 0 4031249 0 0 0 0 0
97 4031249 0 0 0 0 0 4031249 0 0
99 4031249 0 0 0 0 0 0 0 0
100 4031249 1 1 0 0 0 0 0 0
105 7171872 0 0 0 0 0 0 0 0
106 7171872 0 0 0 0 0 0 0 0
108 2140626 0 0 2140626 0 0 0 0 0
109 2140626 0 0 0 0 0 2140626 0 0
111 2140626 0 0 0 0 0 0 0 0
112 2140626 0 0 0 0 0 0 0 0
117 7171872 0 0 0 0 0 0 0 0
118 9312493 0 0 0 0 0 0 0 0
123 2140621 0 0 2140621 0 0 0 0 0
124 2140621 0 0 2140621 0 0 0 0 0
125 2140621 0 0 0 0 0 2140621 0 0
126 2140621 0 0 0 0 0 2140621 0 0
128 2140621 0 0 0 0 0 0 0 0
130 2140621 0 0 0 0 0 0 0 0
131 2140621 0 0 0 0 0 0 0 0
133 2140621 0 0 0 0 0 0 0 0
141 7171872 0 0 7171872 0 0 0 0 0
149 8074220 1 1 0 0 0 8074220 0 0
155 8074220 0 0 0 0 0 0 0 0
157 8074220 0 0 0 0 0 0 0 0
158 8074220 0 0 0 0 0 0 0 0
161 6945313 0 0 0 0 0 0 0 0
162 13890626 0 0 0 0 0 0 0 0
167 27781253 0 0 27781253 0 0 0 0 0
168 27781253 0 0 0 0 0 27781253 0 0
170 27781253 0 0 0 0 0 0 0 0
172 27781253 0 0 0 0 0 0 0 0
173 27781253 0 0 0 0 0 0 0 0
175 34726566 0 0 0 0 0 0 0 0
184 8074220 1 1 0 0 0 0 0 0
185 8074220 0 0 0 0 0 0 0 0
188 8074220 0 0 0 0 0 0 0 0
189 8074220 0 0 0 0 0 0 0 0
190 8074220 0 0 0 0 0 0 0 0
195 13945314 0 0 0 0 0 0 0 0
197 13945314 0 0 13945314 0 0 0 0 0
198 13945314 0 0 13945314 0 0 0 0 0
199 13945314 0 0 13945314 0 0 0 0 0
200 13945314 0 0 13945314 0 0 0 0 0
202 13945314 0 0 0 0 0 13945314 3 3
203 13945314 0 0 0 0 0 13945314 0 0
204 13945314 0 0 0 0 0 13945314 0 0
205 13945314 0 0 0 0 0 13945314 0 0
207 13945314 0 0 0 0 0 0 0 0
208 13945314 0 0 0 0 0 0 0 0
210 13945314 0 0 0 0 0 0 0 0
212 7949219 0 0 0 0 0 0 0 0
214 7949219 0 0 7949219 0 0 0 0 0
215 7949219 1 1 7949219 0 0 0 0 0
216 7949219 0 0 7949219 0 0 0 0 0
217 7949219 0 0 7949219 0 0 0 0 0
219 7949219 0 0 0 0 0 7949219 0 0
220 7949219 0 0 0 0 0 7949219 0 0
221 7949219 0 0 0 0 0 7949219 4 4
222 7949219 0 0 0 0 0 7949219 0 0
224 7949219 0 0 0 0 0 0 0 0
225 7949219 0 0 0 0 0 0 0 0
227 10027344 0 0 0 0 0 0 0 0
232 8074220 0 0 0 0 0 0 0 0
238 8074220 0 0 8074220 0 0 0 0 0
239 8074220 0 0 0 0 0 0 0 0
241 1023440 0 0 1023440 0 0 0 0 0
fn=memcpy
62 27 1 1 0 0 0 0 0 0
64 27 0 0 0 0 0 0 0 0
66 27 0 0 0 0 0 0 0 0
69 26 0 0 0 0 0 0 0 0
70 26 0 0 0 0 0 0 0 0
72 7 0 0 7 0 0 0 0 0
73 7 0 0 0 0 0 7 2 2
75 7 0 0 0 0 0 0 0 0
76 7 0 0 0 0 0 0 0 0
81 26 0 0 0 0 0 0 0 0
82 26 0 0 0 0 0 0 0 0
84 7 0 0 7 0 0 0 0 0
85 7 0 0 0 0 0 7 3 3
87 7 0 0 0 0 0 0 0 0
88 14 0 0 0 0 0 0 0 0
93 26 1 1 0 0 0 0 0 0
94 26 0 0 0 0 0 0 0 0
96 5 0 0 5 0 0 0 0 0
97 5 0 0 0 0 0 5 0 0
99 5 0 0 0 0 0 0 0 0
100 5 0 0 0 0 0 0 0 0
105 26 0 0 0 0 0 0 0 0
106 26 0 0 0 0 0 0 0 0
108 15 0 0 15 1 0 0 0 0
109 15 0 0 0 0 0 15 4 4
111 15 0 0 0 0 0 0 0 0
112 15 0 0 0 0 0 0 0 0
117 26 0 0 0 0 0 0 0 0
118 37 0 0 0 0 0 0 0 0
123 11 0 0 11 0 0 0 0 0
124 11 0 0 11 0 0 0 0 0
125 11 0 0 0 0 0 11 2 2
126 11 0 0 0 0 0 11 0 0
128 11 0 0 0 0 0 0 0 0
130 11 0 0 0 0 0 0 0 0
131 11 0 0 0 0 0 0 0 0
133 11 0 0 0 0 0 0 0 0
141 26 1 1 26 0 0 0 0 0
149 11 0 0 0 0 0 11 0 0
155 11 0 0 0 0 0 0 0 0
157 11 0 0 0 0 0 0 0 0
158 11 0 0 0 0 0 0 0 0
161 5 0 0 0 0 0 0 0 0
162 10 0 0 0 0 0 0 0 0
167 21 1 1 21 0 0 0 0 0
168 21 0 0 0 0 0 21 0 0
170 21 0 0 0 0 0 0 0 0
172 21 0 0 0 0 0 0 0 0
173 21 0 0 0 0 0 0 0 0
175 26 0 0 0 0 0 0 0 0
184 11 0 0 0 0 0 0 0 0
185 11 0 0 0 0 0 0 0 0
188 11 0 0 0 0 0 0 0 0
189 11 0 0 0 0 0 0 0 0
190 11 0 0 0 0 0 0 0 0
195 9 0 0 0 0 0 0 0 0
197 9 0 0 9 1 1 0 0 0
198 9 0 0 9 0 0 0 0 0
199 9 0 0 9 0 0 0 0 0
200 9 1 1 9 0 0 0 0 0
202 9 0 0 0 0 0 9 2 2
203 9 0 0 0 0 0 9 1 1
204 9 0 0 0 0 0 9 2 2
205 9 0 0 0 0 0 9 0 0
207 9 0 0 0 0 0 0 0 0
208 9 0 0 0 0 0 0 0 0
210 9 0 0 0 0 0 0 0 0
232 11 1 1 0 0 0 0 0 0
238 11 0 0 11 0 0 0 0 0
239 11 0 0 0 0 0 0 0 0
241 1 0 0 1 0 0 0 0 0
fl=/build/buildd/eglibc-2.15/string/../sysdeps/x86_64/multiarch/../memset.S
fn=memset
44 13 1 1 0 0 0 0 0 0
45 13 0 0 0 0 0 0 0 0
46 13 0 0 0 0 0 0 0 0
47 1 0 0 0 0 0 1 0 0
48 1 0 0 1 0 0 0 0 0
50 12 0 0 0 0 0 0 0 0
51 12 0 0 0 0 0 0 0 0
52 12 0 0 0 0 0 0 0 0
53 12 1 1 0 0 0 0 0 0
55 12 0 0 0 0 0 0 0 0
56 12 0 0 0 0 0 0 0 0
58 9 0 0 0 0 0 0 0 0
63 9 0 0 0 0 0 0 0 0
64 9 0 0 0 0 0 0 0 0
65 9 0 0 9 4 3 0 0 0
66 9 0 0 0 0 0 0 0 0
67 9 0 0 0 0 0 0 0 0
328 1 0 0 0 0 0 1 1 1
329 1 0 0 0 0 0 1 0 0
330 1 0 0 0 0 0 1 0 0
331 1 0 0 0 0 0 1 0 0
332 1 0 0 0 0 0 1 0 0
333 1 0 0 0 0 0 1 0 0
334 1 0 0 0 0 0 1 0 0
335 1 0 0 0 0 0 1 0 0
336 3 1 1 0 0 0 3 1 1
337 4 0 0 0 0 0 4 1 1
338 6 1 1 0 0 0 6 1 1
339 6 0 0 0 0 0 6 0 0
340 6 0 0 6 0 0 0 0 0
365 1 1 1 0 0 0 1 0 0
366 1 0 0 1 0 0 0 0 0
390 1 1 1 0 0 0 1 0 0
391 1 0 0 0 0 0 1 0 0
392 1 0 0 1 0 0 0 0 0
406 1 1 1 0 0 0 1 1 1
407 1 0 0 0 0 0 1 0 0
408 1 0 0 0 0 0 1 0 0
409 1 0 0 0 0 0 1 0 0
410 1 0 0 0 0 0 1 0 0
411 1 0 0 0 0 0 1 1 1
412 1 0 0 0 0 0 1 0 0
413 1 1 1 0 0 0 1 0 0
414 1 0 0 0 0 0 1 0 0
415 1 0 0 0 0 0 1 0 0
416 2 0 0 0 0 0 2 0 0
417 2 0 0 2 0 0 0 0 0
441 1 1 1 0 0 0 1 0 0
442 1 0 0 0 0 0 1 0 0
443 1 0 0 1 0 0 0 0 0
493 1 0 0 0 0 0 1 0 0
494 1 0 0 0 0 0 1 0 0
495 1 0 0 0 0 0 1 0 0
496 1 0 0 1 0 0 0 0 0
504 3 1 1 0 0 0 0 0 0
505 3 0 0 0 0 0 0 0 0
506 3 0 0 0 0 0 0 0 0
507 3 1 1 0 0 0 0 0 0
508 3 0 0 0 0 0 0 0 0
509 3 0 0 0 0 0 0 0 0
510 3 0 0 0 0 0 0 0 0
515 3 0 0 0 0 0 0 0 0
516 3 0 0 0 0 0 0 0 0
517 3 0 0 3 1 1 0 0 0
518 3 0 0 0 0 0 0 0 0
519 3 0 0 0 0 0 0 0 0
555 2 0 0 0 0 0 2 2 2
556 2 0 0 0 0 0 0 0 0
593 3 1 1 0 0 0 0 0 0
1214 3 0 0 0 0 0 0 0 0
1215 6 0 0 0 0 0 0 0 0
1219 3 1 1 0 0 0 0 0 0
1220 3 0 0 0 0 0 0 0 0
1221 6 0 0 0 0 0 0 0 0
1226 37 0 0 0 0 0 0 0 0
1228 37 0 0 0 0 0 37 6 6
1229 37 0 0 0 0 0 37 0 0
1230 37 0 0 0 0 0 37 17 17
1231 37 0 0 0 0 0 37 0 0
1232 37 0 0 0 0 0 37 15 15
1233 37 0 0 0 0 0 37 0 0
1234 37 0 0 0 0 0 37 0 0
1235 37 0 0 0 0 0 37 0 0
1236 37 0 0 0 0 0 37 5 5
1237 37 0 0 0 0 0 37 0 0
1238 37 0 0 0 0 0 37 17 17
1239 37 1 1 0 0 0 37 0 0
1240 37 0 0 0 0 0 37 15 15
1241 37 0 0 0 0 0 37 0 0
1242 37 0 0 0 0 0 37 0 0
1243 37 0 0 0 0 0 37 0 0
1245 37 0 0 0 0 0 0 0 0
1247 37 0 0 0 0 0 0 0 0
1250 3 0 0 0 0 0 0 0 0
1251 3 0 0 0 0 0 0 0 0
1257 3 0 0 0 0 0 0 0 0
1258 3 0 0 0 0 0 0 0 0
1259 3 0 0 3 1 1 0 0 0
1260 3 0 0 0 0 0 0 0 0
1261 3 0 0 0 0 0 0 0 0
fl=/build/buildd/eglibc-2.15/string/../sysdeps/x86_64/multiarch/../rtld-strlen.S
fn=strlen
29 24 1 1 0 0 0 0 0 0
30 24 0 0 0 0 0 0 0 0
31 24 0 0 0 0 0 0 0 0
32 24 0 0 0 0 0 0 0 0
34 15 0 0 0 0 0 0 0 0
35 15 0 0 0 0 0 0 0 0
37 71 0 0 71 0 0 0 0 0
38 71 0 0 0 0 0 0 0 0
39 70 0 0 0 0 0 0 0 0
40 70 0 0 0 0 0 0 0 0
41 70 0 0 0 0 0 0 0 0
43 46 1 1 0 0 0 0 0 0
48 31 0 0 31 0 0 0 0 0
49 31 0 0 0 0 0 0 0 0
50 31 0 0 0 0 0 0 0 0
51 31 0 0 0 0 0 0 0 0
54 31 0 0 0 0 0 0 0 0
55 27 0 0 0 0 0 0 0 0
56 27 0 0 0 0 0 0 0 0
57 27 0 0 0 0 0 0 0 0
59 27 0 0 0 0 0 0 0 0
62 21 0 0 21 0 0 0 0 0
63 21 1 1 0 0 0 0 0 0
64 21 0 0 0 0 0 0 0 0
65 21 0 0 0 0 0 0 0 0
68 21 0 0 0 0 0 0 0 0
69 16 0 0 0 0 0 0 0 0
70 16 0 0 0 0 0 0 0 0
71 16 0 0 0 0 0 0 0 0
73 16 0 0 0 0 0 0 0 0
76 12 0 0 12 0 0 0 0 0
77 12 0 0 0 0 0 0 0 0
78 12 0 0 0 0 0 0 0 0
79 12 0 0 0 0 0 0 0 0
82 12 0 0 0 0 0 0 0 0
83 12 0 0 0 0 0 0 0 0
84 12 0 0 0 0 0 0 0 0
85 12 0 0 0 0 0 0 0 0
87 12 0 0 0 0 0 0 0 0
90 12 0 0 12 1 1 0 0 0
91 12 0 0 0 0 0 0 0 0
92 12 0 0 0 0 0 0 0 0
93 12 0 0 0 0 0 0 0 0
96 12 0 0 0 0 0 0 0 0
97 10 0 0 0 0 0 0 0 0
98 10 0 0 0 0 0 0 0 0
99 10 0 0 0 0 0 0 0 0
101 12 0 0 0 0 0 0 0 0
104 23 1 1 0 0 0 0 0 0
106 23 0 0 0 0 0 0 0 0
107 23 0 0 0 0 0 0 0 0
108 20 0 0 0 0 0 0 0 0
110 20 0 0 0 0 0 0 0 0
111 20 0 0 0 0 0 0 0 0
112 17 0 0 0 0 0 0 0 0
114 17 0 0 0 0 0 0 0 0
115 17 0 0 0 0 0 0 0 0
116 16 0 0 0 0 0 0 0 0
118 16 0 0 0 0 0 0 0 0
119 16 0 0 0 0 0 0 0 0
120 13 0 0 0 0 0 0 0 0
122 13 0 0 0 0 0 0 0 0
124 13 0 0 0 0 0 0 0 0
125 13 0 0 0 0 0 0 0 0
126 10 1 1 0 0 0 0 0 0
128 10 0 0 0 0 0 0 0 0
129 10 0 0 0 0 0 0 0 0
130 9 0 0 0 0 0 0 0 0
132 9 0 0 0 0 0 0 0 0
133 9 0 0 0 0 0 0 0 0
134 7 0 0 0 0 0 0 0 0
136 24 0 0 0 0 0 0 0 0
137 24 0 0 24 0 0 0 0 0
fl=/build/buildd/eglibc-2.15/string/../sysdeps/x86_64/multiarch/../strchr.S
fn=index
26 16 1 1 0 0 0 0 0 0
27 16 0 0 0 0 0 0 0 0
28 16 0 0 0 0 0 0 0 0
29 16 0 0 0 0 0 0 0 0
30 16 0 0 0 0 0 0 0 0
31 16 0 0 0 0 0 0 0 0
32 16 0 0 0 0 0 0 0 0
33 16 0 0 16 3 3 0 0 0
34 16 1 1 0 0 0 0 0 0
35 16 0 0 0 0 0 0 0 0
36 16 0 0 0 0 0 0 0 0
37 16 0 0 0 0 0 0 0 0
38 16 0 0 0 0 0 0 0 0
39 16 0 0 0 0 0 0 0 0
40 16 0 0 0 0 0 0 0 0
41 16 0 0 0 0 0 0 0 0
42 16 0 0 0 0 0 0 0 0
43 16 0 0 0 0 0 0 0 0
44 16 0 0 0 0 0 0 0 0
45 16 0 0 0 0 0 0 0 0
46 16 0 0 0 0 0 0 0 0
48 10 0 0 10 0 0 0 0 0
49 10 0 0 0 0 0 0 0 0
50 10 0 0 0 0 0 0 0 0
51 10 0 0 0 0 0 0 0 0
52 10 0 0 0 0 0 0 0 0
53 10 0 0 0 0 0 0 0 0
54 10 0 0 0 0 0 0 0 0
55 10 0 0 0 0 0 0 0 0
56 10 0 0 0 0 0 0 0 0
58 16 0 0 0 0 0 0 0 0
59 16 0 0 0 0 0 0 0 0
60 1 0 0 0 0 0 0 0 0
61 1 0 0 0 0 0 0 0 0
62 1 0 0 0 0 0 0 0 0
63 1 0 0 0 0 0 0 0 0
64 15 0 0 0 0 0 0 0 0
65 16 0 0 16 0 0 0 0 0
fl=/build/buildd/eglibc-2.15/string/../sysdeps/x86_64/multiarch/../strcmp.S
fn=strcmp
135 16065 1 1 16065 91 39 0 0 0
136 16065 0 0 16065 53 15 0 0 0
137 16065 0 0 0 0 0 0 0 0
138 15724 0 0 0 0 0 0 0 0
139 15724 0 0 0 0 0 0 0 0
140 15724 0 0 0 0 0 0 0 0
141 15724 0 0 0 0 0 0 0 0
143 1289 0 0 0 0 0 0 0 0
144 1289 0 0 1289 0 0 0 0 0
146 341 0 0 0 0 0 0 0 0
147 341 0 0 0 0 0 0 0 0
148 341 0 0 0 0 0 0 0 0
149 341 1 1 341 0 0 0 0 0
fl=/build/buildd/eglibc-2.15/string/../sysdeps/x86_64/multiarch/../strrchr.S
fn=__GI_strrchr
26 1 1 1 0 0 0 0 0 0
27 1 0 0 0 0 0 0 0 0
28 1 0 0 0 0 0 0 0 0
29 1 0 0 0 0 0 0 0 0
30 1 0 0 0 0 0 0 0 0
31 1 0 0 0 0 0 0 0 0
32 1 0 0 0 0 0 0 0 0
33 1 0 0 1 1 0 0 0 0
34 1 0 0 0 0 0 0 0 0
35 1 0 0 0 0 0 0 0 0
36 1 0 0 0 0 0 0 0 0
37 1 0 0 0 0 0 0 0 0
38 1 1 1 0 0 0 0 0 0
39 1 0 0 0 0 0 0 0 0
40 1 0 0 0 0 0 0 0 0
41 1 0 0 0 0 0 0 0 0
42 1 0 0 0 0 0 0 0 0
43 1 0 0 0 0 0 0 0 0
44 1 0 0 0 0 0 0 0 0
45 1 0 0 0 0 0 0 0 0
46 1 0 0 0 0 0 0 0 0
47 1 0 0 0 0 0 0 0 0
48 1 0 0 0 0 0 0 0 0
50 1 0 0 1 0 0 0 0 0
51 1 0 0 0 0 0 0 0 0
52 1 0 0 0 0 0 0 0 0
53 1 0 0 0 0 0 0 0 0
54 1 0 0 0 0 0 0 0 0
55 1 0 0 0 0 0 0 0 0
56 1 0 0 0 0 0 0 0 0
57 1 0 0 0 0 0 0 0 0
58 1 0 0 0 0 0 0 0 0
59 1 0 0 0 0 0 0 0 0
61 2 1 1 0 0 0 0 0 0
62 2 0 0 0 0 0 0 0 0
63 2 0 0 0 0 0 0 0 0
64 2 0 0 0 0 0 0 0 0
66 1 0 0 0 0 0 0 0 0
67 1 0 0 0 0 0 0 0 0
68 1 0 0 0 0 0 0 0 0
69 1 0 0 0 0 0 0 0 0
71 1 0 0 0 0 0 0 0 0
72 1 0 0 0 0 0 0 0 0
73 1 0 0 0 0 0 0 0 0
74 1 0 0 0 0 0 0 0 0
75 1 0 0 0 0 0 0 0 0
77 1 0 0 1 0 0 0 0 0
fl=/build/buildd/eglibc-2.15/string/../sysdeps/x86_64/multiarch/memcpy-ssse3-back.S
fn=__memcpy_ssse3_back
60 8000000 1 1 0 0 0 0 0 0
74 8000000 0 0 0 0 0 0 0 0
75 8000000 0 0 0 0 0 0 0 0
79 8000000 0 0 0 0 0 0 0 0
80 8000000 0 0 0 0 0 0 0 0
82 499932 0 0 0 0 0 0 0 0
83 499932 0 0 0 0 0 0 0 0
84 1999728 0 0 499932 4 4 0 0 0
88 30000272 1 1 7500068 4 4 0 0 0
2124 499932 1 1 499932 0 0 0 0 0
2125 499932 1 1 0 0 0 499932 0 0
2127 499932 0 0 499932 0 0 0 0 0
2128 499932 0 0 0 0 0 499932 0 0
2130 499932 0 0 499932 0 0 0 0 0
2131 499932 0 0 0 0 0 499932 0 0
2133 499932 0 0 499932 0 0 0 0 0
2134 499932 0 0 0 0 0 499932 0 0
2136 499932 0 0 499932 0 0 0 0 0
2137 499932 0 0 0 0 0 499932 0 0
2139 499932 0 0 499932 0 0 0 0 0
2140 499932 0 0 499932 0 0 0 0 0
2141 499932 0 0 0 0 0 499932 0 0
2142 499932 0 0 0 0 0 499932 0 0
2143 499932 1 1 499932 0 0 0 0 0
2700 7500068 1 1 7500068 0 0 0 0 0
2701 7500068 0 0 0 0 0 7500068 2000800 1998277
2703 7500068 0 0 7500068 0 0 0 0 0
2704 7500068 0 0 0 0 0 7500068 1999736 1997257
2706 7500068 0 0 7500068 0 0 0 0 0
2707 7500068 1 1 0 0 0 7500068 0 0
2709 7500068 0 0 7500068 0 0 0 0 0
2710 7500068 0 0 0 0 0 7500068 0 0
2712 7500068 0 0 7500068 0 0 0 0 0
2713 7500068 0 0 0 0 0 7500068 0 0
2715 7500068 0 0 7500068 0 0 0 0 0
2716 7500068 0 0 7500068 0 0 0 0 0
2717 7500068 0 0 0 0 0 7500068 0 0
2718 7500068 0 0 0 0 0 7500068 0 0
2719 7500068 0 0 7500068 0 0 0 0 0
fl=/build/buildd/eglibc-2.15/string/../sysdeps/x86_64/multiarch/memcpy.S
fn=memcpy@@GLIBC_2.14
33 1 1 1 1 0 0 0 0 0
34 1 0 0 0 0 0 0 0 0
36 1 1 1 0 0 0 0 0 0
37 1 0 0 1 0 0 0 0 0
38 1 0 0 0 0 0 0 0 0
39 1 0 0 0 0 0 0 0 0
40 1 0 0 1 0 0 0 0 0
41 1 0 0 0 0 0 0 0 0
42 1 0 0 0 0 0 0 0 0
43 1 0 0 1 0 0 0 0 0
fl=/build/buildd/eglibc-2.15/string/../sysdeps/x86_64/multiarch/strcmp.S
fn=strcasecmp
106 1 1 1 1 1 1 0 0 0
107 1 0 0 0 0 0 0 0 0
108 1 0 0 0 0 0 1 0 0
111 1 0 0 0 0 0 0 0 0
112 1 0 0 1 0 0 0 0 0
113 1 0 0 0 0 0 0 0 0
115 1 0 0 0 0 0 0 0 0
116 1 0 0 1 0 0 0 0 0
117 1 0 0 0 0 0 0 0 0
122 1 1 1 1 0 0 0 0 0
fn=strncasecmp
130 1 1 1 1 0 0 0 0 0
131 1 0 0 0 0 0 0 0 0
135 1 0 0 0 0 0 0 0 0
136 1 0 0 1 0 0 0 0 0
137 1 0 0 0 0 0 0 0 0
139 1 0 0 0 0 0 0 0 0
140 1 1 1 1 0 0 0 0 0
141 1 0 0 0 0 0 0 0 0
146 1 0 0 1 0 0 0 0 0
fl=/build/buildd/eglibc-2.15/string/../sysdeps/x86_64/multiarch/strcpy-sse2-unaligned.S
fn=__strncpy_sse2_unaligned
44 7510858 1 1 0 0 0 0 0 0
45 7510858 0 0 0 0 0 0 0 0
46 7510858 0 0 0 0 0 0 0 0
48 7510858 0 0 0 0 0 0 0 0
50 7510858 0 0 0 0 0 0 0 0
55 7510858 0 0 0 0 0 0 0 0
56 7510858 0 0 0 0 0 0 0 0
57 7510858 0 0 0 0 0 0 0 0
296 7510858 1 1 0 0 0 0 0 0
297 7510858 0 0 7510858 4 4 0 0 0
298 7510858 0 0 7510858 0 0 0 0 0
299 7510858 0 0 0 0 0 0 0 0
300 7510858 0 0 0 0 0 0 0 0
306 7510858 1 1 0 0 0 0 0 0
308 7510858 0 0 0 0 0 0 0 0
310 7510858 0 0 0 0 0 0 0 0
311 7510858 0 0 0 0 0 0 0 0
358 7510858 1 1 0 0 0 0 0 0
359 30043432 1 1 7510858 4 4 0 0 0
533 7510858 1 1 0 0 0 7510858 8 8
538 7510858 0 0 0 0 0 0 0 0
539 7510858 0 0 0 0 0 0 0 0
540 7510858 0 0 0 0 0 0 0 0
1547 7510858 1 1 7510858 0 0 0 0 0
1654 7510858 1 1 0 0 0 0 0 0
1655 7510858 0 0 0 0 0 0 0 0
1656 7510858 0 0 0 0 0 0 0 0
1657 7510858 0 0 0 0 0 0 0 0
1659 7510858 0 0 0 0 0 7510858 0 0
1660 7510858 0 0 0 0 0 0 0 0
1662 7510858 0 0 0 0 0 0 0 0
1663 7510858 0 0 0 0 0 0 0 0
1664 7510858 0 0 0 0 0 0 0 0
1665 7510858 0 0 0 0 0 0 0 0
1666 7510858 0 0 0 0 0 0 0 0
1667 7510858 0 0 0 0 0 0 0 0
1670 7510858 0 0 0 0 0 7510858 0 0
1671 7510858 0 0 0 0 0 7510858 0 0
1672 7510858 0 0 0 0 0 7510858 0 0
1673 7510858 0 0 0 0 0 7510858 8 8
1674 7510858 1 1 0 0 0 0 0 0
1675 7510858 0 0 0 0 0 0 0 0
1676 7510858 0 0 0 0 0 0 0 0
1679 7510858 0 0 0 0 0 0 0 0
1680 7510858 0 0 0 0 0 0 0 0
1681 7510858 0 0 0 0 0 7510858 0 0
1682 7510858 0 0 0 0 0 7510858 0 0
1683 7510858 0 0 0 0 0 0 0 0
1684 7510858 0 0 0 0 0 0 0 0
1685 7510858 0 0 0 0 0 0 0 0
1686 7510858 0 0 0 0 0 7510858 0 0
1687 7510858 0 0 0 0 0 0 0 0
1688 30043432 0 0 7510858 4 4 0 0 0
fl=/build/buildd/eglibc-2.15/string/../sysdeps/x86_64/multiarch/strcpy.S
fn=strncpy
64 1 1 1 1 1 1 0 0 0
65 1 0 0 0 0 0 0 0 0
67 1 0 0 0 0 0 0 0 0
68 1 0 0 1 1 1 0 0 0
69 1 0 0 0 0 0 0 0 0
74 1 1 1 1 0 0 0 0 0
fl=/build/buildd/eglibc-2.15/string/../sysdeps/x86_64/multiarch/strlen-sse2-pminub.S
fn=__strlen_sse2_pminub
33 16000000 1 1 0 0 0 0 0 0
34 16000000 0 0 0 0 0 0 0 0
35 16000000 0 0 0 0 0 0 0 0
36 16000000 0 0 0 0 0 0 0 0
37 16000000 0 0 0 0 0 0 0 0
38 16000000 0 0 0 0 0 0 0 0
39 16000000 0 0 16000000 0 0 0 0 0
40 16000000 0 0 0 0 0 0 0 0
41 16000000 0 0 0 0 0 0 0 0
42 16000000 0 0 0 0 0 0 0 0
43 16000000 0 0 0 0 0 0 0 0
44 16000000 0 0 0 0 0 0 0 0
45 16000000 0 0 0 0 0 0 0 0
46 16000000 0 0 0 0 0 0 0 0
58 16000000 1 1 0 0 0 0 0 0
59 16000000 0 0 0 0 0 0 0 0
60 16000000 0 0 0 0 0 0 0 0
61 16000000 0 0 0 0 0 0 0 0
62 16000000 0 0 16000000 0 0 0 0 0
63 16000000 0 0 0 0 0 0 0 0
64 16000000 0 0 0 0 0 0 0 0
65 16000000 1 1 0 0 0 0 0 0
67 16000000 0 0 16000000 0 0 0 0 0
68 16000000 0 0 0 0 0 0 0 0
69 16000000 0 0 0 0 0 0 0 0
70 16000000 0 0 0 0 0 0 0 0
72 16000000 0 0 16000000 0 0 0 0 0
73 16000000 0 0 0 0 0 0 0 0
74 16000000 0 0 0 0 0 0 0 0
75 16000000 0 0 0 0 0 0 0 0
77 16000000 0 0 16000000 0 0 0 0 0
78 16000000 0 0 0 0 0 0 0 0
79 16000000 0 0 0 0 0 0 0 0
80 16000000 0 0 0 0 0 0 0 0
82 16000000 0 0 16000000 0 0 0 0 0
83 16000000 0 0 0 0 0 0 0 0
84 16000000 1 1 0 0 0 0 0 0
85 16000000 0 0 0 0 0 0 0 0
86 16000000 0 0 0 0 0 0 0 0
88 16000000 0 0 16000000 0 0 0 0 0
89 16000000 0 0 0 0 0 0 0 0
90 16000000 0 0 0 0 0 0 0 0
91 16000000 0 0 0 0 0 0 0 0
237 16000000 1 1 0 0 0 0 0 0
238 16000000 0 0 0 0 0 0 0 0
239 16000000 0 0 0 0 0 0 0 0
240 16000000 0 0 0 0 0 0 0 0
241 16000000 0 0 16000000 0 0 0 0 0
fl=/build/buildd/eglibc-2.15/string/../sysdeps/x86_64/multiarch/strlen.S
fn=strlen
32 1 1 1 1 1 0 0 0 0
33 1 0 0 0 0 0 0 0 0
35 1 1 1 0 0 0 0 0 0
36 1 0 0 1 1 0 0 0 0
37 1 0 0 0 0 0 0 0 0
43 1 0 0 1 0 0 0 0 0
44 1 0 0 0 0 0 0 0 0
46 1 0 0 1 0 0 0 0 0
fl=/build/buildd/eglibc-2.15/string/../sysdeps/x86_64/multiarch/strnlen.S
fn=strnlen
30 1 1 1 1 0 0 0 0 0
31 1 0 0 0 0 0 0 0 0
33 1 0 0 0 0 0 0 0 0
34 1 0 0 1 0 0 0 0 0
35 1 1 1 0 0 0 0 0 0
37 1 0 0 1 0 0 0 0 0
fl=/build/buildd/eglibc-2.15/string/wordcopy.c
fn=_wordcopy_fwd_aligned
38 12 1 1 2 0 0 0 0 0
41 1 0 0 1 0 0 0 0 0
44 3 0 0 0 0 0 0 0 0
45 1 0 0 0 0 0 0 0 0
47 1 1 1 1 0 0 0 0 0
50 3 0 0 0 0 0 0 0 0
51 1 0 0 0 0 0 0 0 0
115 1 1 1 1 0 0 0 0 0
116 1 0 0 0 0 0 1 0 0
118 2 0 0 2 0 0 0 0 0
119 2 0 0 0 0 0 2 0 0
122 2 0 0 0 0 0 0 0 0
125 4 0 0 0 0 0 0 0 0
130 4 1 1 2 0 0 2 0 0
fl=/build/buildd/eglibc-2.15/time/../sysdeps/generic/dl-hash.h
fn=gettimeofday
44 1 0 0 0 0 0 0 0 0
45 1 0 0 0 0 0 0 0 0
46 13 0 0 4 0 0 0 0 0
49 16 1 1 0 0 0 0 0 0
50 8 0 0 0 0 0 0 0 0
63 8 0 0 0 0 0 0 0 0
68 1 0 0 0 0 0 0 0 0
fn=time
44 1 0 0 0 0 0 0 0 0
45 1 0 0 0 0 0 0 0 0
46 13 0 0 4 1 1 0 0 0
49 16 0 0 0 0 0 0 0 0
50 8 0 0 0 0 0 0 0 0
63 8 0 0 0 0 0 0 0 0
68 1 0 0 0 0 0 0 0 0
fl=/build/buildd/eglibc-2.15/time/../sysdeps/unix/sysv/linux/x86_64/gettimeofday.c
fn=gettimeofday
30 1 0 0 0 0 0 0 0 0
31 7 2 2 0 0 0 4 0 0
34 3 0 0 0 0 0 1 0 0
35 3 0 0 0 0 0 0 0 0
36 2 0 0 1 0 0 0 0 0
fl=/build/buildd/eglibc-2.15/time/../sysdeps/unix/sysv/linux/x86_64/time.c
fn=time
28 1 0 0 0 0 0 0 0 0
29 7 2 2 0 0 0 4 0 0
32 6 1 1 0 0 0 1 0 0
33 2 0 0 1 0 0 0 0 0
fl=???
fn=???
0 81022415 82 77 81022055 100 41 193 11 7
fn=_Z15flip_false_zeroRDv2_x
0 2024175692 6 6 368031944 4 4 131439980 0 0
fn=_Z19popcount1_m128i_sseDv2_x
0 82619416 2 2 15021712 4 4 0 0 0
fn=_Z24bit_vec_filter_m128_sse1PhS_S_S_U8__vectorxi.constprop.4
0 923835288 12 12 383053656 4 4 168994260 12 6
fn=__atan2_finite
0 9 0 0 4 0 0 1 0 0
fn=__cxa_guard_acquire
0 25 3 3 9 0 0 5 0 0
fn=__cxa_guard_release
0 5 2 2 2 0 0 2 0 0
fn=__libc_csu_init
0 25 3 3 7 0 0 7 0 0
fn=__log_finite
0 9 1 1 4 0 0 1 0 0
fn=bit_vec_filter_sse1(char*, char*, int, int)
0 101396556 3 3 18777140 8 8 18777140 0 0
fn=main
0 372015360 15 15 65075643 13420362 10628234 72809361 594675 583597
fn=operator new(unsigned long)
0 30000105 2 2 6000021 0 0 6000021 0 0
fn=operator new[](unsigned long)
0 28 1 1 7 1 0 7 2 0
fn=sin
0 9 1 1 4 0 0 1 0 0
fn=sse3_convert2bit1(char*, unsigned char*, unsigned char*)
0 2103039680 22 22 878770152 20 20 405586224 4 4
fn=std::error_category::error_category()
0 12 1 1 6 1 0 3 1 1
fn=std::string::_M_mutate(unsigned long, unsigned long, unsigned long)
0 358000000 5 5 96000000 1499803 1497412 76000000 6499933 6488285
fn=std::string::_M_replace_safe(unsigned long, unsigned long, char const*, unsigned long)
0 224000000 2 2 48000000 0 0 48000000 0 0
fn=std::string::_Rep::_S_create(unsigned long, unsigned long, std::allocator<char> const&)
0 40000000 3 3 4000000 0 0 8000000 999866 999866
fn=std::string::assign(char const*, unsigned long)
0 166000000 3 3 32000000 4000408 3978798 16000000 0 0
summary: 15026360193 1079 1068 3617747096 32079264 28552377 2166496570 14098021 14068983
